trunk/exampleDEM.txt
ncols         98
nrows         180
xllcorner     319370.828960
yllcorner     5224288.828227
cellsize      91.6667
NODATA_value  -9999
[rows 64 to 95 of 180, columns 0 to 71 of 98]
1886.3 1895.4 1904 1906.1 1905.1 1912.5 1926.3 1946.1 1974.2 1989.1 1968 1945.9 1929.1 1913.8 1897.8 1882.1 1866.4 1848.8 1831.6 1818 1800.7 1781.9 1764.9 1748.7 1744.7 1750.3 1755.8 1759.9 1758.4 1756.6 1743.1 1716 1694.9 1677.2 1683.4 1710.3 1734.8 1761 1787.3 1815.2 1830.8 1806.2 1778 1755.4 1728.7 1701.5 1710.8 1742.1 1784.4 1799.4 1793.3 1793.4 1790.6 1788.3 1782.5 1776.1 1767.3 1761.5 1770.3 1793.2 1820 1851.4 1877.6 1890.9 1904.5 1912.1 1913.5 1902.8 1881.8 1864.5 1847.9 1831.1
1904.2 1921.7 1931.3 1936.3 1937.9 1946.2 1955.6 1966.7 1978.4 1981.5 1964.8 1945 1928.1 1910 1894.3 1876.6 1856.6 1837.2 1820.3 1803.2 1785.1 1770.7 1759.1 1747.2 1739.7 1733.9 1734.7 1738.6 1736.8 1736.6 1728.5 1713.2 1696.4 1678.2 1676.5 1704.5 1731.1 1756.8 1785.6 1814.4 1828.6 1805.5 1780.1 1763.8 1733.7 1701.2 1703.8 1727.7 1755.8 1768.9 1769 1771.5 1770.7 1763.6 1758.8 1753.8 1749.8 1761.3 1777.7 1803.9 1833.1 1861.8 1884.7 1891.5 1893.3 1892.3 1891.3 1886 1871.9 1857.4 1843.5 1828
1905 1923.4 1930.5 1939.8 1949.6 1961.2 1969.3 1973.5 1971.1 1963.5 1954.4 1941.6 1927.7 1910 1894 1876.1 1858.5 1838.3 1820.2 1801.1 1788.9 1779.3 1772.9 1762.5 1752.2 1738 1725.4 1719.2 1716 1714.6 1710.5 1702.3 1691.3 1676.5 1671.7 1697.2 1729.6 1761.1 1788.9 1818.5 1827.1 1809.2 1792.3 1772.5 1736.6 1700.8 1691.1 1715 1735.7 1747 1749.1 1750.8 1748.1 1741.1 1735.5 1740.2 1754.7 1783 1794.3 1815.4 1843.9 1861.8 1871.6 1875.3 1874.7 1874.3 1875.9 1872.9 1865.7 1856.2 1846.1 1834.2
1892.5 1909.7 1917.1 1928.5 1943.1 1955.8 1964.4 1964.3 1957.4 1948.8 1944.3 1940.1 1930.2 1915.4 1898.3 1881.6 1866.9 1852.3 1838.6 1816.8 1809.7 1803.3 1797.6 1784.8 1775.4 1758.9 1736 1721 1711.6 1702.1 1695.9 1690.1 1683.6 1675.5 1667.9 1688.9 1724.9 1762.6 1793.1 1813.7 1824.5 1820.3 1804.3 1771 1738.1 1704.1 1684.5 1699.5 1720.9 1729.8 1733.3 1732.7 1727.3 1719.9 1727.7 1756.2 1784.2 1810 1820.2 1829.6 1841.7 1846.8 1850.8 1855.6 1855.7 1858.9 1862.6 1863.1 1862.5 1859.4 1855 1848
1876.5 1892.8 1903.2 1913.4 1931.1 1946.2 1956.9 1955 1944.7 1935.8 1932.7 1931.8 1933.3 1933.9 1915.3 1893 1877.3 1874.8 1859.1 1839.9 1836.9 1831.1 1824 1808.4 1801.8 1778.4 1756.1 1741.5 1726.4 1712.9 1701 1691.2 1683.3 1677.6 1667.7 1680.6 1720.8 1760.6 1787.4 1806 1824 1831 1810.1 1774.9 1750.5 1719.5 1687.7 1684.3 1703.5 1714.5 1717.2 1715.4 1710.1 1720.4 1746.6 1782.8 1813.7 1832.5 1836 1832.7 1830.1 1829 1831.7 1836.6 1837.6 1842.5 1847.1 1852.8 1859.9 1867.8 1871.1 1866.3
1858.9 1875.3 1888.9 1900.8 1917.3 1930.8 1944.1 1939.1 1926.3 1920.4 1917.2 1921 1928.3 1938.7 1926.1 1907 1893.2 1887 1871.8 1861.7 1864.2 1858.5 1846.7 1832.9 1823.1 1797.6 1779.3 1769.4 1750.1 1732.2 1716.6 1701 1688.5 1678.4 1666.4 1677.2 1719.2 1751.9 1772.7 1797.5 1824 1833.5 1812.1 1784.5 1761.6 1728.5 1694.3 1674.5 1684.5 1701.8 1700.2 1698.8 1712.9 1736.9 1766.6 1798.7 1827.5 1829.1 1821 1813.5 1811.1 1810.3 1812.2 1816.8 1819.2 1823.7 1832.5 1845.2 1859.5 1874.9 1887 1882.7
1840.7 1859.9 1876.7 1891.6 1904.5 1913.8 1921.1 1919.8 1907.6 1902.6 1902.2 1908.7 1916.6 1932.7 1933.9 1920.4 1914.6 1906.8 1896.3 1888.7 1893.5 1890 1874.8 1861.4 1848.4 1824.7 1810 1800.2 1775.6 1755.8 1734.8 1708 1691.6 1674.9 1663.2 1678.7 1710.7 1737.2 1761.2 1791.9 1824.6 1831.3 1807.3 1779.8 1754.4 1725.6 1695.6 1671 1673.3 1681.2 1688.9 1714.3 1742.1 1762.7 1784.2 1806.6 1812.7 1804.7 1795.6 1792.4 1790.7 1792.5 1791.9 1793.3 1799.1 1808.8 1825.4 1843.7 1864.4 1882.5 1897.7 1897.6
1827 1848.2 1867.9 1887.2 1897 1901.2 1903.1 1899.6 1890.1 1886.3 1888.8 1895.7 1906 1929 1939.4 1936 1938.5 1935 1928.6 1922 1922.9 1921.2 1907.4 1894.7 1880.6 1857.6 1840.3 1821.4 1793.7 1771 1746 1712.3 1693.6 1670.1 1658.5 1684 1716.9 1741.5 1769.6 1797.6 1823.7 1831.9 1806 1775.8 1750.2 1721.1 1690.3 1667.1 1670.8 1686.1 1706.1 1736 1771.4 1790.9 1801.3 1799.8 1789.8 1782.5 1776.9 1775 1772 1771.3 1771.3 1775.3 1788 1806 1827.2 1847 1872.2 1892.2 1909.6 1917.7
1821.6 1843.4 1867.8 1888.2 1890.5 1888.3 1888.6 1883.4 1876 1870.9 1871.8 1883.7 1898.2 1913.1 1917 1922.6 1937.1 1929.3 1927.7 1934.8 1945.1 1942.7 1928.2 1919.6 1906.5 1884.5 1856.9 1824.1 1794.2 1770.3 1745.2 1715.1 1693.4 1667.3 1656.9 1688.3 1733.1 1762.3 1788.8 1815.9 1828.3 1831.4 1810.5 1782.8 1754.9 1721.6 1690.9 1667 1665.9 1688.4 1710.6 1747.1 1787.6 1796.4 1784.2 1771.3 1764.7 1763.1 1757.6 1751.7 1748.8 1751.2 1761.9 1776 1791.8 1811.3 1831.6 1852.3 1874.4 1897.6 1922.7 1933.3
1816.6 1844 1873.7 1887.5 1882.1 1877.5 1874.4 1868.8 1863.2 1856.4 1859.2 1874.1 1888.5 1896.1 1900.6 1903.8 1911.6 1913.1 1913.7 1920.4 1937.7 1937 1927.1 1919.6 1909.8 1886.4 1851.7 1818.6 1789.4 1764.4 1738.9 1712.8 1689.3 1665 1656.9 1688.9 1735 1776 1801.6 1818.4 1817.5 1819.5 1817.9 1792.1 1758.1 1729.1 1699.7 1669.6 1658.8 1677.4 1701.9 1740.8 1772.9 1772.2 1757 1747.3 1742.1 1736.6 1732.9 1729.2 1732.7 1747.3 1774.7 1794.7 1802.6 1820.3 1842.3 1858.8 1874.9 1900.6 1925.5 1924.9
1804.9 1836 1871.8 1881.3 1872.6 1868.9 1864.3 1857.8 1850.5 1841.5 1847.2 1860.4 1873.4 1877.4 1881.3 1887.6 1892.1 1895.3 1896.4 1899.2 1906.9 1909.8 1918.6 1914.4 1902.8 1879.5 1843.3 1813.9 1787.7 1764 1742.5 1716.7 1689.9 1664.9 1656.9 1685.8 1726.3 1773.4 1800.3 1805.7 1799.2 1800.7 1811.3 1799.9 1771.1 1743.2 1707.6 1676.5 1655.4 1666.7 1697.7 1728 1751.1 1744.5 1733.3 1727.1 1719.9 1712.6 1715.1 1729.1 1744.9 1762.8 1792.3 1816.2 1820.5 1832.4 1859.1 1872 1882.3 1902.6 1919 1911.4
1793.6 1819.2 1857.1 1868.2 1862 1857.4 1852 1846.1 1837.9 1828.2 1831.9 1842.7 1853.4 1859.1 1865.5 1872.8 1877 1878.5 1879.9 1881.3 1881.5 1884.6 1904.5 1911.5 1897.3 1877.4 1845.2 1814.3 1794 1783.7 1767 1735.4 1700.8 1670.4 1655.4 1674.4 1710.5 1753 1774.1 1779.8 1778.2 1784.4 1803.1 1808.9 1783.6 1744.4 1709.9 1680.6 1657.3 1655.2 1686.1 1717.2 1725.9 1719.2 1709.9 1704 1699.6 1706.2 1725.5 1753.9 1772.8 1780.1 1802.4 1829.9 1842.2 1844.8 1866.3 1886.9 1895.8 1908.8 1916 1906
1784.7 1804.2 1832.5 1848.3 1848 1844.5 1839.3 1833.4 1826.7 1815.3 1816.7 1829.6 1838.9 1844.4 1849.7 1852.2 1854.6 1858.7 1860.5 1864.2 1867.6 1874.2 1898.9 1916.2 1892.7 1868.4 1844.6 1822.6 1813.7 1813.5 1792.8 1757.1 1715.6 1680.9 1655.4 1656.4 1686.1 1723 1738 1748.9 1754.8 1767.9 1790.4 1804.4 1788 1752.1 1718.8 1684.6 1659.8 1650.5 1676 1696.6 1699.9 1693.1 1685.5 1685 1696.4 1720.6 1750.9 1782.4 1806.3 1811.5 1822.5 1847.5 1863.8 1862.6 1871.7 1892.5 1902.7 1912.8 1918.5 1906.3
1778.9 1793.9 1812.4 1827.2 1832.7 1832.9 1828.8 1822.7 1816 1803.6 1805.8 1817.5 1823 1827.3 1828.4 1832.2 1833.6 1836 1838.6 1843.2 1851.9 1863.9 1887.8 1907.6 1891.7 1866.6 1846.4 1831 1824.4 1817.3 1798.5 1768.3 1731.1 1696.6 1666.1 1648.6 1659.9 1692.2 1709 1720.6 1730.1 1745.7 1766.6 1781.5 1778.5 1759.9 1723.9 1684.7 1660.7 1644.9 1656.9 1674.4 1676.4 1674.6 1671.6 1690.2 1717.2 1742.6 1771.7 1805.2 1834.3 1842.2 1850.4 1864.5 1875.6 1877.6 1881.6 1887.4 1891.3 1900.8 1916.3 1909.8
1786.9 1794.1 1804.8 1814.8 1823.4 1824.4 1818.5 1813 1804.9 1793.7 1795.9 1802.7 1804.8 1809.3 1810.7 1813.3 1816.4 1817.1 1820.6 1823.6 1830.2 1845.9 1865.1 1879.3 1885.7 1867.7 1842.2 1826.6 1815.7 1800.8 1784.5 1762.8 1738.2 1710 1679 1652.4 1643.9 1663.5 1684.8 1697.2 1707.2 1721.7 1741.2 1757.1 1755.1 1750.1 1716.2 1679.8 1659.4 1640.4 1646.8 1655.9 1658.2 1666 1677.6 1702.9 1733 1761.8 1786.4 1818.6 1839.3 1853.2 1864.4 1862.2 1861.6 1869.2 1877.7 1872.6 1871.3 1882.8 1902.2 1906.4
1810 1810.5 1812.8 1822.2 1826.4 1824.3 1816.9 1811 1799.9 1787.3 1785.1 1787.9 1789.9 1794 1797.1 1799.6 1800.6 1801.8 1803.7 1804 1809.5 1819.3 1833 1848.9 1867.1 1864.8 1842.8 1823.4 1809.8 1794.8 1778.3 1760.8 1741.6 1720.2 1689.3 1659.8 1642 1642.7 1661.8 1677 1688.2 1699.3 1715.3 1733 1735.4 1725.8 1698.1 1671.7 1655.1 1637.7 1637.6 1645.6 1660 1682.3 1696.1 1709.9 1734.1 1757.2 1787.2 1809.5 1817.8 1835.8 1850.3 1844 1841 1846.5 1856.2 1854.1 1853.4 1865 1881.3 1891.1
1823.9 1828.4 1833.8 1844 1840.8 1834.1 1824.9 1813.8 1800.9 1788.9 1778.2 1774.4 1776.8 1779.9 1784.2 1785.1 1784.2 1785.9 1787.8 1788.8 1791.4 1796.4 1804.3 1816.7 1831.3 1840.3 1840.5 1826.9 1811.3 1795.7 1780.3 1767.7 1757.1 1737.4 1704.2 1675.9 1652.9 1636.8 1643.7 1659.4 1671.6 1681.1 1694.3 1709.4 1717.9 1707.6 1684.1 1664.3 1645.8 1631 1637.4 1657.2 1676.7 1697.9 1717 1731.9 1743.3 1759 1779.7 1791.1 1797.9 1814.5 1828 1824.9 1822.1 1826.8 1834.7 1833.4 1831.8 1842.8 1860.6 1872.6
1818.6 1830.1 1845.6 1857.9 1855.6 1848.7 1836.7 1820.9 1809 1796 1782.3 1768.4 1764.4 1767.5 1772.5 1771.3 1768.3 1767.5 1772 1771.5 1773.3 1778 1784.1 1789.7 1798 1809.3 1818.8 1826.9 1821.5 1808 1790.6 1786.6 1782.9 1755.7 1727.4 1701.7 1674.5 1646.4 1633.7 1643.4 1656 1666.5 1680.5 1692.9 1704.9 1700.6 1678.3 1657.5 1642 1631 1644.1 1672.7 1694.8 1712.1 1726.3 1733 1744.7 1752.8 1761.3 1768.6 1778.1 1793.8 1806.8 1804.8 1802.1 1806 1812.8 1808.8 1805.3 1820.7 1842.2 1856.8
1812.5 1827.2 1845.1 1858.2 1864.5 1863.6 1851.2 1834 1821.4 1804.6 1790.1 1776.2 1760.1 1756.5 1758.9 1759.8 1757.4 1752.5 1755.1 1755 1757.3 1759.9 1766.1 1769.9 1776.8 1784.6 1791 1810.8 1826.2 1823.3 1808.4 1800.7 1792.2 1768 1748.8 1726.9 1698.8 1661.9 1633.5 1632.1 1640.1 1653.9 1670.4 1682 1694.3 1693 1671.7 1652 1636.8 1631 1650.2 1682.6 1700.8 1705.2 1708.1 1712.9 1720.1 1729 1737.5 1745.7 1757.2 1768.8 1778 1779.8 1778.7 1782.3 1784 1781.3 1786.2 1809.2 1831.7 1845.1
1811.7 1829.1 1840.6 1847.4 1857.2 1865.1 1864.5 1848.1 1831.5 1814.5 1798.1 1782.3 1766.2 1758 1756.5 1750.8 1745 1738.6 1742.1 1741.7 1742.4 1743.4 1747.1 1752.2 1760.3 1767 1770.1 1782.6 1800.3 1809.3 1799.7 1785.4 1775.7 1763 1747.2 1732.8 1708.9 1671.6 1637.8 1627.1 1629.1 1642 1658 1669.5 1681.4 1683.3 1665.3 1645.3 1629.3 1628.5 1658.4 1682.3 1687.6 1686.9 1689.1 1694 1701.2 1704.9 1709.7 1725.5 1739.7 1746.1 1752.6 1752.2 1754.8 1757 1754.4 1757.5 1778.3 1808.1 1829.8 1833.9
1815.9 1829.9 1829.2 1829.3 1835.7 1848.6 1863.8 1860.9 1844.5 1826.8 1807.5 1789.3 1778.8 1771.8 1779.2 1773.8 1760.3 1744.8 1733.2 1724.8 1723.7 1726 1727.4 1733.5 1741.6 1748.7 1751.9 1757.1 1763.3 1772.8 1765.7 1759.3 1752.5 1740.4 1729.1 1719.4 1702.1 1675.6 1644.6 1625.2 1622.3 1632.8 1645.7 1655.4 1665.5 1668.9 1657.1 1639 1625.8 1627.9 1655.4 1669.6 1669.5 1671.7 1673.5 1677.3 1686.5 1681.5 1691.1 1711.7 1720.9 1728.6 1732 1728.9 1732 1730.8 1736.3 1751.9 1778.5 1805.8 1823.3 1816.3
1816.5 1815.7 1810.5 1811.6 1817.8 1832.2 1855.6 1869.3 1855.2 1831.5 1813.4 1800.1 1793.4 1786.8 1798.4 1801.6 1787.4 1774.2 1762.9 1751.2 1735.9 1720 1709 1714.6 1724.1 1731 1734.5 1736.8 1739.1 1742.5 1739.9 1738.2 1731.6 1720.8 1711.7 1701.5 1689.9 1674.8 1652.6 1627 1617.4 1625 1634.1 1640.9 1647.6 1651 1643.2 1631.2 1622 1626.3 1649 1652.3 1651.3 1647.2 1649.6 1652.8 1663.7 1668.7 1681.1 1693.3 1698.2 1706 1708.9 1706.8 1707.9 1713.8 1732.6 1756.5 1782.3 1803.2 1806.4 1792.2
1804.1 1790.9 1789.5 1794.7 1804.3 1822.4 1846.4 1861.9 1849.8 1822.8 1806.7 1799.4 1800 1799.2 1807.4 1817 1811.6 1806.6 1797 1789.8 1776.7 1749.5 1720.7 1702 1706.6 1713.2 1718.7 1722.2 1724 1723.8 1722.1 1720.9 1712.9 1702.9 1692.6 1682.2 1673.2 1663.7 1650 1627.8 1615.2 1619.4 1626.5 1631.6 1641.3 1641.9 1636.4 1625.7 1617.2 1622 1637.9 1636.4 1632.4 1633.7 1638.6 1641.9 1646.2 1655.9 1668.2 1672.2 1677.8 1684 1688.8 1690 1697.5 1715.2 1736.4 1759.4 1784.7 1802.6 1792.6 1771.4
1781.5 1770.8 1771.6 1780.5 1791.5 1810.6 1831.5 1837.7 1829.9 1808 1794.1 1789.2 1795.8 1808.2 1814.4 1817.3 1811.7 1806 1801.1 1794.2 1785.5 1771 1743.8 1711.1 1693.4 1697.4 1703.9 1708.9 1710.3 1709.6 1706.5 1701.7 1691.6 1680.9 1670.5 1663.3 1653.9 1645.8 1634.6 1622.3 1614.9 1615.2 1620.9 1624.1 1631.6 1635 1631.8 1621 1614.5 1613 1620.5 1623.5 1626.8 1635 1651 1658.2 1659.2 1654.2 1657.3 1660.1 1665.4 1669.9 1676.9 1684.4 1698 1722.3 1741 1760.2 1784.7 1800.2 1788.7 1766.6
1759.7 1753.3 1756.2 1770.1 1783.6 1800.9 1815.8 1814 1809.1 1793.6 1781.3 1779.6 1789.6 1804.1 1813.6 1808.5 1799.7 1793.4 1788.3 1780.4 1771.3 1761.7 1745.2 1718.7 1690.6 1681 1687.5 1693.9 1697.8 1696.8 1691.5 1682.4 1670.5 1660.1 1648.2 1643.4 1637.4 1632.1 1626 1622.7 1617.8 1611.3 1612.9 1617.2 1626.6 1629.3 1627.3 1619.1 1612.6 1611.7 1621.8 1637.9 1642.6 1644 1649.1 1657.5 1673.6 1679.5 1678.2 1678.4 1687.2 1686.4 1689.5 1692.4 1698.4 1718.6 1736.5 1754.5 1775.5 1788.9 1785.1 1768.8
1746.1 1738.1 1744.8 1765.7 1785 1802.7 1801.4 1794.8 1791.1 1778.8 1768.5 1768.1 1779.4 1791.3 1800.2 1791.9 1782.1 1776.7 1772.8 1766.7 1757.5 1745.1 1731.5 1715 1694.6 1674 1671.8 1678 1683.8 1679.7 1674.7 1667.3 1654.4 1645.8 1638.1 1636.8 1636.8 1638.2 1635.9 1636.8 1626.5 1612.3 1607.6 1610.6 1617.5 1625.3 1624 1620.5 1609.1 1613.7 1637.6 1663.6 1667.6 1665.3 1659.6 1673.3 1677 1685.1 1700.6 1704.9 1714.3 1710.3 1715.2 1714 1714.4 1715.1 1733.1 1750.4 1766.4 1781 1780.9 1768.1
1733 1724.9 1737.9 1766 1789 1802.3 1786 1776.3 1774 1768.3 1756.9 1753.5 1765.2 1777 1785.8 1779.8 1767.6 1757.3 1752 1746.9 1739.5 1728.1 1716.8 1704.3 1690.8 1675.8 1665.3 1665.3 1666.6 1661.7 1656.5 1652.7 1646.8 1646.2 1649.3 1654.8 1655.5 1660.7 1654.8 1659.2 1645 1626.2 1611.4 1607.4 1607.2 1611.1 1609.5 1611.1 1606.7 1619.7 1658.4 1685.3 1694 1684 1677.8 1697.9 1702.1 1693.6 1703 1725.8 1740.1 1741.6 1742.6 1736.6 1738.5 1727.3 1743 1763.7 1778.3 1789 1786 1771.4
1718.4 1710.7 1734.3 1763.4 1781.9 1785.2 1768.9 1761 1760.3 1760 1743.5 1735.9 1746.9 1762.2 1774.8 1775.2 1763.4 1748 1735.2 1727.1 1721.3 1713.3 1704.6 1694.8 1684.5 1673.8 1668.5 1664.5 1660.6 1658.9 1658.2 1660.4 1660.7 1659.1 1668.1 1682.3 1681.9 1683.2 1677.1 1686.4 1676.1 1653.9 1628 1614.2 1607.9 1602.8 1600.6 1606.3 1605.1 1625.6 1667.9 1694.3 1712 1701.7 1692.4 1717.2 1730.6 1713.8 1707.3 1728.5 1752.2 1772.2 1765.7 1757.8 1763.3 1747.5 1754 1780.9 1802 1809 1797.3 1783.3
1704.7 1695.5 1725.4 1749.8 1757.5 1756.9 1748.5 1745 1743 1741.9 1727.3 1719.5 1731.2 1748.2 1762.4 1765.6 1758.4 1746 1729.7 1714.7 1709.1 1702.5 1694.8 1688.2 1687.2 1685.7 1685.7 1686.2 1678.3 1677.1 1679.1 1685.4 1689.1 1675.6 1684.2 1706.7 1712.1 1707.2 1703.5 1712.9 1703 1679 1649.9 1633.2 1619.7 1603.8 1598.2 1599.6 1604.2 1629.4 1665.5 1693 1720.7 1720.7 1710 1729.8 1750 1742.7 1729.3 1731.9 1751.3 1782.4 1791 1789 1790 1769.5 1770.8 1806.2 1828.2 1829.4 1812.7 1803
1692.3 1685.4 1708.5 1725.1 1730.5 1730.5 1727.3 1725.6 1722.7 1720.7 1712.4 1706.8 1718.4 1733.5 1747.2 1748.3 1749.1 1742.5 1730.4 1716.6 1712.3 1711.6 1703.2 1698.6 1710.8 1712 1715.2 1711.5 1698.8 1705.2 1707.1 1717.9 1716.2 1691.8 1698.1 1721.5 1741.1 1737.2 1735.6 1738.2 1715.9 1693.5 1673.4 1658.9 1633.7 1609.6 1599.9 1596.7 1603.4 1625.1 1654.3 1685.1 1718.5 1730.4 1729.6 1741.2 1767.3 1770.1 1759.8 1749.8 1757.1 1784.2 1812 1825.2 1821.3 1795.8 1789 1826.4 1853.7 1848.9 1830.2 1816.7
1680 1675.7 1694.4 1704.5 1710.9 1712.1 1709.2 1707.2 1705.9 1704.3 1699 1697 1706.8 1716.7 1727.3 1736.3 1748.2 1752.2 1742.7 1727.4 1728 1735.9 1719.2 1706 1729.6 1747 1748.5 1731.8 1723.6 1738.1 1742.9 1746.7 1722.2 1706.3 1722 1732.8 1760.4 1768.2 1769.5 1762.5 1733.9 1711.8 1692 1668.4 1640.9 1620.4 1606.4 1596 1596.2 1615.3 1645.5 1675.1 1701.3 1722.5 1734 1749.5 1779.2 1787.8 1781.7 1770.3 1767.2 1786.7 1821.8 1851.7 1850.6 1824.8 1812.8 1843 1874.5 1870.4 1845.6 1822.1
1670.8 1667.3 1680.3 1686.5 1693.4 1696.5 1694 1692.2 1691.2 1690.3 1687.6 1694.1 1704.1 1713.8 1726.6 1742.9 1760.7 1769.8 1753.8 1740.4 1755.2 1758.3 1731.4 1721.7 1737.6 1759.2 1773.6 1757.9 1746.7 1769.6 1772.9 1759.1 1721.1 1724.6 1752.6 1756.5 1773.4 1795.2 1795.5 1777.3 1749.7 1724.9 1696.9 1670 1654.1 1634.7 1614.7 1597.3 1592 1603.8 1630.7 1655.6 1676.1 1697.5 1717.1 1740 1765.2 1788.7 1795.2 1788.3 1785.3 1792.8 1819.1 1855.3 1869.9 1853.9 1838.6 1855.2 1890.4 1885.9 1858.6 1834.8
