trunk/exampleDEM.txt
ncols         98
nrows         180
xllcorner     319370.828960
yllcorner     5224288.828227
cellsize      91.6667
NODATA_value  -9999
[rows 96 to 127 of 180, columns 0 to 71 of 98]
1659.9 1657.8 1666.7 1672.6 1677.7 1680.4 1680 1680.3 1678.8 1679.5 1686.5 1701.5 1718 1728.5 1738.1 1760.2 1777.8 1782.3 1759.9 1757.8 1783.5 1778.2 1742 1738.7 1764.9 1771.8 1782.2 1786 1773.7 1790.8 1786 1755.6 1728.8 1746.4 1776.3 1786.7 1789.1 1809.5 1805.4 1777.3 1746.9 1720 1698.6 1686.6 1674.8 1648.6 1624.5 1602.8 1591.5 1594.8 1618.2 1637.4 1656.8 1678.6 1698.6 1722.9 1745.8 1770.8 1795.7 1809.1 1810.2 1810.2 1826 1852.9 1879.9 1879 1867.1 1874.1 1902.2 1895.4 1871.1 1850.2
1650.6 1650.2 1656.5 1661.7 1663.9 1665.5 1666.6 1671.3 1672.1 1677.1 1697.5 1717.9 1741 1749.6 1749.9 1772.8 1792.9 1790.1 1770.1 1779 1799 1780.8 1747.8 1755.7 1787.1 1800.9 1803.2 1810.9 1808.4 1811.9 1793.3 1760.2 1739.9 1759.5 1793.1 1809.4 1809.9 1815.1 1801.3 1772.4 1745.7 1722.4 1707.5 1696.9 1677 1651.7 1629.9 1608.5 1592.5 1591.5 1612.7 1640.1 1660.3 1678.6 1699.2 1719.3 1742.4 1774.5 1810.7 1832.6 1833.5 1834.6 1845.3 1861 1886 1896.9 1891.3 1896.2 1909.7 1902.3 1882.1 1859.6
1642.3 1643.5 1646.9 1651.1 1653.1 1656.1 1659.8 1669.2 1675.4 1684.1 1707.6 1731.2 1754.7 1766.6 1765.6 1780 1802.1 1801.2 1786.2 1797.2 1803.6 1777.7 1754.5 1765.7 1791.9 1816.1 1826.5 1837.8 1841.6 1826.6 1798.8 1768.7 1755 1773.8 1796.5 1823 1829 1823.3 1801.7 1776.3 1751.4 1728.4 1708.4 1689.3 1665.1 1643.2 1627.3 1615 1598.1 1588.9 1608.8 1658.4 1686.1 1700.6 1721.3 1744 1764.1 1788.9 1806.2 1818.7 1839.4 1852 1857.3 1865.8 1881.4 1895.7 1904.8 1918 1924.5 1910.9 1890.8 1871.6
1635.1 1636 1640.1 1644 1650.8 1659.8 1668.2 1682.5 1691.4 1692.2 1708.7 1732.2 1754.2 1772.9 1785.9 1800.6 1817.1 1817.1 1808 1812.9 1805.8 1778.9 1766.7 1782.2 1809.1 1832.6 1848 1857.6 1853.3 1831.9 1807.2 1781.2 1776.5 1798.8 1815 1831.8 1831 1818.3 1795.6 1774.1 1745.2 1718.7 1696.8 1675.9 1653.7 1639.9 1639.7 1629.8 1606.7 1588.9 1595.4 1642.4 1676.3 1695 1718.8 1749.5 1778.8 1792.3 1786.5 1792 1811 1827.5 1835.1 1844.3 1856.5 1873.9 1894.5 1921.1 1933.1 1922.1 1904.4 1887.2
1631.6 1634.6 1640.5 1649.8 1662.1 1675.4 1689.2 1704.6 1714.9 1704.6 1708.4 1730.1 1749.8 1777.8 1800.8 1820.2 1836.7 1835.6 1828.9 1823.7 1807.4 1785.5 1786.9 1792.4 1816.4 1841.3 1862.6 1867.2 1854.4 1838.1 1817 1794.7 1800.8 1822 1837.5 1832.2 1812.7 1794.3 1776.6 1757.4 1731.1 1706.9 1685.1 1663.1 1651 1658.1 1666 1642 1616.9 1594.5 1586.3 1612.9 1647.2 1668.3 1694.8 1725.1 1758.6 1768 1759.8 1765 1780.7 1796.2 1808.5 1820.5 1834.4 1852.4 1875.7 1901.3 1906.7 1910.1 1902.1 1888.2
1633.7 1640.4 1648.3 1665.8 1686 1699.3 1712.5 1728.2 1740.1 1727.4 1717.3 1730.6 1751.7 1781.2 1804 1822.5 1841.6 1851 1845.1 1834.1 1818.7 1803.2 1810 1814.2 1821.2 1839.8 1865.3 1878.4 1870.3 1854 1830.5 1814.7 1827 1839.8 1842.4 1821.6 1797.5 1777.3 1757.9 1739.4 1720.6 1698.7 1676.1 1664 1672.2 1691.6 1685.9 1651.7 1626.9 1604.1 1585.8 1594.2 1622.8 1641.3 1664.1 1695.3 1727.8 1734.4 1728.9 1734.3 1747.9 1763.7 1773.4 1794.6 1816.5 1840.6 1866.9 1885.2 1878.6 1879.2 1876.3 1869.8
1638.8 1647.6 1660.2 1682.7 1707.7 1724.7 1736.3 1753.6 1764.3 1752.6 1736.9 1736.9 1755.1 1779.6 1799.5 1816.8 1840.8 1861.8 1858.2 1847.8 1835.5 1827.5 1833.6 1840.8 1845.1 1855.4 1871.6 1883 1878.2 1864.5 1847.3 1838.3 1845.9 1854 1839.4 1815.5 1790.6 1769.1 1747.6 1727 1708.8 1691.8 1680.3 1687.1 1712.9 1722 1696.6 1663.4 1638.3 1616.5 1592.8 1583.4 1599.2 1619.7 1637.8 1659.8 1690.1 1702.9 1702.7 1710.7 1720.2 1736.2 1752.2 1777.2 1805.5 1837.9 1862.4 1865.2 1855.4 1849.8 1848.6 1850.4
1649.5 1651.4 1666.8 1690.8 1714.3 1732.7 1746.5 1760.3 1773.1 1772.5 1761.7 1756.8 1759.1 1777 1795.9 1813.9 1842.1 1860.5 1860.9 1852.3 1846 1844.7 1843.4 1841.1 1841 1845.3 1854.3 1861.8 1859.9 1854.2 1854.7 1858 1859.4 1856.4 1838 1812.4 1790.3 1767 1741.9 1719.4 1701.2 1697.9 1705.6 1715.1 1743.7 1745.5 1713.3 1679.9 1656.9 1633 1607.1 1584.2 1582.7 1600.1 1616.6 1631.2 1656.6 1675.6 1680.6 1686.5 1697.3 1717.5 1738.9 1764.1 1790.7 1818.8 1834.3 1840.7 1833.4 1825.2 1823.1 1828.3
1666.2 1656.7 1666.9 1687.5 1703.7 1720.7 1735.6 1749.7 1770 1787.5 1788.4 1784.2 1773.6 1782.6 1801.3 1817.2 1842 1855.6 1854.1 1847.9 1842.7 1840.5 1833.6 1828.8 1826.3 1827.3 1831.1 1832.9 1832.7 1831.1 1841.6 1857.7 1862 1848.6 1829 1807.8 1785.3 1760.6 1736.4 1720.3 1709.5 1721.2 1742.2 1739.1 1756.2 1764.4 1735.5 1704.4 1683.7 1656.9 1628.2 1596.9 1579.1 1585 1600.1 1614.5 1632.8 1651.6 1659.6 1666.9 1687.3 1706 1723.7 1743.6 1764.6 1791.8 1805.7 1817.5 1812.2 1800.8 1795.1 1801.7
1679.9 1670.8 1668.3 1681.1 1693.1 1708.6 1723.5 1742.3 1770.9 1795.3 1808.3 1806.3 1793.6 1795.9 1815.6 1830.7 1848.9 1855.8 1845.7 1836 1827 1825.1 1816.8 1811.4 1810.3 1810.3 1813.6 1813.8 1811.2 1809.5 1816.4 1830.3 1837.8 1837.1 1827 1810.6 1787 1762.1 1744.2 1744.3 1738.2 1740.3 1770.8 1770.8 1775.5 1778.5 1754.6 1730.3 1709.4 1682.9 1650.1 1613.4 1586.5 1576 1584.2 1600.7 1618.1 1634 1640.7 1655.8 1678 1690.3 1707.2 1725.2 1749.1 1769.9 1779.4 1789.5 1786 1771.3 1764.6 1777.4
1687.2 1689 1678.6 1674.8 1687.7 1703.7 1717.7 1738.7 1767.8 1787.6 1804.5 1812.2 1808.2 1810.3 1827.6 1846.6 1860.7 1857.1 1840.8 1827.3 1813.1 1804.8 1794.7 1787.9 1788.9 1790.6 1793.7 1795.1 1789.3 1783.7 1790.9 1798 1804 1812.4 1817.3 1814.3 1797.9 1777.5 1766 1772.2 1765.6 1757.5 1785.3 1797 1791.1 1775.9 1752.8 1731.7 1710.8 1687.3 1658.3 1623.6 1595.5 1579.4 1575 1587.5 1606.7 1618.1 1629.6 1645.2 1661.6 1674.2 1688.1 1712.6 1736.2 1743.4 1749 1754.3 1752.6 1742.2 1741.3 1760.9
1681.2 1695.5 1697.9 1684.5 1688.4 1701.9 1715.8 1735.6 1758.5 1772.3 1787.4 1805 1818.8 1827.5 1839.7 1860.9 1871.4 1859.3 1840.6 1823.8 1808.6 1798 1789.5 1778.9 1768.9 1761.5 1764.8 1770 1766.1 1760.7 1770.4 1778 1781.5 1786.6 1802.9 1817.5 1811 1799.6 1796.2 1795.7 1788.3 1776.6 1791.2 1801.6 1781.4 1756.2 1732 1711.1 1690.2 1671.6 1650.3 1625 1607.9 1590 1573.3 1577.7 1592.7 1607.2 1621.4 1632.1 1643.5 1657.6 1679.1 1702.5 1710.3 1715.8 1721.7 1723.7 1722.6 1716.6 1726.8 1757.8
1680.3 1696.2 1712.8 1706.6 1696.8 1698.6 1708.9 1725.8 1747.1 1761.2 1777.9 1796.9 1823.4 1845.1 1858.7 1875.4 1876.6 1859.7 1839.7 1830.9 1826.4 1815.3 1806.2 1796.8 1776.1 1757.1 1747.3 1738.9 1739.3 1735.9 1746.7 1755 1756.5 1767.7 1792 1811.5 1818.7 1825.1 1828 1822.5 1813.5 1801.9 1805.4 1803.9 1774.8 1747.3 1723.5 1698.9 1676 1659.9 1643.6 1637.7 1629.3 1608 1579.2 1572.3 1580.4 1593.1 1606.1 1617.7 1629.7 1642.6 1664.7 1679.5 1687.8 1695.5 1701.5 1702.5 1696.5 1696.9 1722.1 1757.2
1692 1698.2 1715.7 1726.1 1718.5 1704.2 1704 1716.5 1736.5 1753 1771.2 1788.6 1817 1850.6 1875.8 1885.8 1877.5 1861.4 1844.1 1850.1 1852.1 1835.4 1830.8 1823.5 1795.8 1780.5 1762.2 1740.8 1728 1713.2 1717.2 1727.7 1734.7 1753.6 1776.7 1793.3 1816.3 1840.2 1844.5 1838.7 1830 1824.4 1828.3 1819 1788.7 1761.9 1738.3 1707.7 1686.5 1676.5 1657 1660.1 1657.8 1639 1602.1 1573.5 1570.1 1577.5 1591.6 1606.4 1622.6 1636.2 1649 1660.5 1669.1 1675.1 1681.1 1682.3 1679.3 1687.9 1719.9 1748.8
1713.8 1711 1721 1742.1 1746.3 1728.8 1717.1 1717.4 1730 1746 1764.8 1782.9 1807.3 1841.9 1874.5 1885.6 1877.5 1864 1856.4 1867.3 1868.6 1853.5 1854.2 1843.2 1823.8 1813.1 1787.8 1762.1 1744.4 1721.6 1708.5 1702.3 1713.6 1738.2 1757.5 1772 1797.2 1817.7 1822.7 1821.8 1819.6 1822.1 1830.1 1830 1812 1788.3 1761.8 1731.9 1715.6 1706.3 1682.9 1684.4 1677.8 1660.2 1629.3 1590.9 1570.8 1567.9 1579.8 1599 1616.2 1623.8 1635.5 1643.9 1651.3 1656 1660.8 1664.4 1669.8 1684.9 1706.4 1732.5
1734.8 1733.5 1733.7 1750.9 1765.2 1757.7 1742.5 1733.5 1734.3 1746.6 1767.4 1789 1807.8 1835.3 1861.8 1879.8 1878.5 1869 1869.6 1878.8 1881.2 1871.8 1871.7 1859.7 1848 1835.9 1809.8 1794.1 1770.9 1745.3 1725 1702.3 1696.8 1716.5 1741.8 1754.7 1768.1 1782.3 1789.9 1793.7 1795.9 1801.6 1808.3 1824.2 1823.2 1804.7 1781.2 1759.9 1746.4 1728.1 1707 1700.9 1688.1 1669.6 1638.4 1607.5 1582.8 1567.9 1569.9 1590.5 1603.3 1610 1617.5 1622.1 1625.9 1634 1641.8 1654.1 1676.9 1692.2 1706.6 1730.3
1751 1754.8 1754.3 1763.5 1780 1782.5 1766.3 1760.7 1753.2 1754.2 1778.2 1803.7 1822 1842.4 1860.7 1879.7 1881.8 1875.4 1876.4 1883.5 1889.3 1880.7 1871.1 1856.3 1845 1837.5 1824.9 1816.5 1795.1 1778.1 1754.6 1717.1 1690.3 1696.1 1719.4 1733 1744.7 1754.1 1761.7 1767.8 1773.2 1778.8 1784.5 1804.2 1806.8 1796.2 1787 1780.1 1771.3 1746.2 1723.5 1710.7 1697.5 1678.7 1648 1617.6 1590.4 1566.3 1568.6 1579.9 1590.1 1600 1611.6 1624.8 1632.7 1643 1653.8 1669.8 1705.2 1720.3 1733 1750.2
1750.3 1766.8 1772.6 1783.5 1796.5 1796.5 1791.2 1790.8 1776 1767.9 1783.4 1808.3 1831.5 1851.6 1866.6 1877.8 1878.4 1870.4 1868.5 1873.8 1881.5 1872.2 1857.2 1839.2 1824.4 1814 1808.2 1801.5 1792 1781.2 1764.5 1733.6 1696.2 1680.2 1694.2 1710.7 1725.9 1734.5 1738.5 1742.4 1749.2 1753.7 1763 1779.9 1779.9 1770.5 1770.3 1777.1 1778.2 1757.8 1735.2 1722.7 1703.8 1676 1652.2 1627.5 1594.1 1563.2 1561.8 1579.3 1592.4 1612 1637.7 1656.1 1670.1 1685.1 1680.3 1689.5 1728.1 1746.5 1763.2 1773
1728 1755.3 1774.2 1788 1805 1815.9 1819 1815.5 1795.9 1789.2 1798.3 1810 1831.4 1851 1861.9 1867.8 1868.6 1858 1852.5 1855.5 1865.1 1862.9 1845.3 1824.2 1804.3 1789.7 1782.2 1777.4 1770.2 1760 1746.3 1728 1701.6 1675.7 1672 1688.6 1702.5 1710.6 1719.1 1720.8 1722.6 1726.9 1743.5 1758.3 1751.9 1740.8 1745 1758 1771.9 1768.2 1749.5 1733.9 1707.2 1674.4 1660.3 1642.6 1598.9 1563.8 1554.1 1570.5 1592.1 1614.9 1641.8 1667.6 1697 1715.8 1707 1707.3 1738.4 1767.5 1788.9 1803.7
1710.8 1736.9 1754.7 1772 1794.5 1823 1836.9 1831.2 1815.1 1808.8 1820.2 1823.7 1838 1846.3 1848.7 1854.3 1859 1845.1 1833.4 1836.1 1847.6 1854.1 1839.8 1818.2 1797.2 1778.2 1761.9 1753.1 1746.5 1736.3 1724.9 1707.6 1689.6 1677.1 1668 1666.5 1671.1 1681.9 1694.8 1698.1 1696.3 1706 1724.9 1733.8 1722.7 1716 1726.8 1747.5 1771.1 1781.8 1764.3 1738.2 1710.7 1685.8 1679.4 1654.7 1603.9 1569.2 1554.1 1561.7 1584.8 1606.1 1633.3 1659.7 1685.6 1709.3 1726.5 1730.9 1746.1 1766.3 1783 1804.9
1702.1 1721.7 1738.6 1758.3 1784.7 1813.1 1827.3 1833.7 1832.2 1828.5 1838.5 1841.9 1845.4 1839.7 1833.1 1838.8 1846.7 1834.6 1816 1817.2 1831.9 1845.1 1838 1820.4 1802.2 1783.7 1765.7 1748.9 1737.5 1727.2 1720.1 1708.6 1703.4 1696 1689.7 1669.2 1654.9 1653.5 1666 1672.4 1672.8 1686.9 1701.5 1704.5 1696.1 1699 1723.2 1748.9 1767.6 1780.9 1773.9 1746.6 1723.7 1708.4 1700.6 1668.1 1615.9 1576.6 1554.8 1554.1 1577.1 1597 1622.1 1645.4 1669.3 1699.4 1726.5 1735.4 1741 1742.7 1753.7 1778
1694.1 1711.3 1726.1 1745.7 1772 1792.9 1809.1 1824.8 1841.9 1846.9 1854.1 1857.2 1848.5 1833.4 1817.5 1821.2 1829.3 1822.4 1800.2 1797.8 1816.1 1833.8 1838.5 1832 1816.9 1799.2 1784.3 1766 1754.8 1749.4 1746.9 1734.6 1731.9 1721.4 1722.9 1697.5 1671.2 1651.8 1644.7 1645 1647.8 1661 1677.2 1681 1674.6 1691.3 1722.6 1741.3 1748 1756.6 1763 1747.9 1738.9 1728.1 1706.1 1670.9 1628.5 1587.3 1560.5 1552.1 1569 1588.8 1611.4 1637.8 1664.5 1691.8 1705.7 1703.2 1709.7 1717 1731 1755.5
1686.3 1701.3 1721.3 1740 1760.4 1779.5 1797.4 1814.8 1837.5 1855.9 1861 1858.1 1846.2 1828.1 1807.1 1802.8 1810.2 1808.5 1786.8 1781.1 1803.8 1824.8 1837.7 1843.9 1834.5 1818.4 1802.8 1785 1781.6 1777.4 1775.5 1762.8 1755.3 1742.1 1751.1 1730.6 1704.5 1676.7 1657.1 1644.7 1633.2 1637.8 1651.2 1657.3 1655.8 1680.3 1701.9 1713.6 1716.2 1721.9 1730.8 1725.5 1726.6 1721.9 1700 1670.2 1636.1 1601.7 1565.6 1549 1560.8 1578.8 1600.4 1624.2 1645.1 1665.9 1675.8 1673.5 1679.1 1690.9 1711.5 1737.6
1707.1 1709.9 1719.2 1733.7 1753.3 1770.7 1789.7 1810.2 1833.7 1852.3 1853.9 1847.8 1838.6 1823.1 1802.6 1787.6 1790.6 1795.7 1776.9 1767.1 1792.8 1812.3 1828.1 1844.2 1847.3 1838.5 1823.8 1810.5 1809.6 1806.1 1804.5 1792.7 1780.5 1770.1 1775.8 1761 1732.6 1699.5 1675.8 1664.5 1646.2 1629.4 1628.6 1629.8 1637.4 1656.4 1668.6 1678.8 1683.9 1688.1 1694.1 1693.4 1695.4 1693.6 1683.1 1669.6 1650.9 1622.3 1571.6 1549 1554.7 1567.4 1587.3 1606.6 1626.2 1641.3 1646.7 1645.8 1654.5 1676.7 1703.7 1730.5
1741.1 1740.1 1744 1742.5 1750.3 1768.4 1789.8 1808.7 1826.6 1840.3 1844.2 1837.3 1829.1 1817.1 1799.8 1779.2 1771.3 1777.8 1766.3 1755.7 1780.8 1796.3 1810.8 1828.4 1837.7 1839.6 1836.5 1830 1818.7 1810.5 1808.9 1806.4 1803.7 1797.9 1795.2 1772 1736.2 1708.7 1702.3 1693.8 1672.8 1645.6 1636.1 1620.8 1620.1 1628.2 1635.6 1646.9 1655.9 1660.1 1663.4 1666.4 1667.8 1664.1 1659.3 1653.8 1645.5 1624.1 1573 1549 1553.5 1562.5 1578 1593 1609.7 1619.8 1624.7 1630.8 1653.1 1675.1 1705 1725.4
1770.4 1766.7 1765.5 1762.5 1763.3 1779.1 1796.2 1800.3 1808.1 1817.5 1827.9 1825.7 1816.6 1806.5 1790.5 1774 1760.1 1757.5 1750.5 1743.2 1765.4 1778.6 1790.2 1804.2 1814.5 1822.6 1826 1826.3 1812.8 1799.2 1791.4 1795.7 1806 1814.8 1803.4 1772.8 1745.9 1737.3 1737 1722.4 1689.9 1663 1666 1639.7 1619.7 1613.9 1612.6 1619.7 1629.3 1635.7 1639.2 1641.5 1638.4 1635.5 1634.1 1630.9 1626.3 1614.2 1578.9 1550.1 1549 1556.8 1572.3 1584.1 1594.5 1602.3 1610.4 1629.9 1663.7 1687.4 1705.8 1705.8
1774.7 1765.4 1763.9 1760 1762.8 1778.1 1780.3 1775.5 1781.3 1793.2 1810 1820 1812.7 1799.7 1785.6 1775.4 1764.8 1752.8 1740.3 1731.4 1745.2 1757.9 1767.7 1780 1791.1 1798.8 1802.9 1803.2 1797.1 1783.1 1774.1 1779.7 1799.6 1816.3 1814 1793.2 1774 1767.3 1763.7 1738.6 1702.7 1685.8 1691.8 1661.5 1640.7 1630.5 1610.1 1603.1 1605.2 1609.3 1612.9 1613.7 1609.1 1607.8 1607.7 1607.2 1604.5 1597 1577.1 1549.3 1545.3 1553.1 1566.8 1575.7 1581.2 1590.6 1607.2 1626.9 1653.5 1682.1 1699.5 1682.1
1745.8 1743.4 1739.3 1738.8 1742.3 1752.6 1751.7 1750.8 1759.2 1776.5 1798 1814.1 1815.2 1806.1 1799.4 1794.1 1784.5 1767 1747.5 1733 1729.9 1734.2 1743.2 1755.1 1766.6 1774.7 1776 1777.4 1777.5 1768.5 1751.4 1759.2 1784.8 1801.2 1803.1 1794.7 1790.8 1789.9 1769.5 1741.4 1716.1 1710.2 1707.4 1674.6 1662.5 1655.2 1626.4 1613.3 1599.6 1598 1595.8 1591.7 1587.3 1586 1584.2 1581.8 1579.1 1572.7 1563.2 1550.6 1544.6 1550 1559.5 1566.9 1573 1584.2 1602.7 1625.3 1653.1 1666.1 1661 1648.2
1713 1713.4 1712.7 1713.7 1720 1724.9 1723.6 1726.8 1739.2 1763.1 1786.4 1803.8 1816.1 1817.5 1819.8 1816.6 1803.4 1781.3 1759.4 1746.7 1733 1721.7 1721.3 1728.5 1740.1 1749.8 1752.5 1756.1 1756.9 1746.8 1729 1736.8 1756.2 1766.7 1770.1 1772.7 1779.8 1786.9 1771 1752 1737.6 1736.6 1720 1689.5 1685.5 1672.6 1647.4 1637.2 1619.1 1616.5 1603.8 1591.6 1583.2 1579.5 1575.1 1571 1570.6 1570.5 1571.7 1566.7 1549.9 1544.6 1552.4 1559.3 1568.8 1579.8 1595.6 1617.4 1644.8 1640.7 1629.8 1622.1
1686.7 1690.2 1691.6 1691 1695 1696.9 1699.8 1707.6 1723.8 1749.1 1772.6 1795.4 1820.1 1831.7 1837.8 1834.1 1814.8 1789 1769.3 1764.2 1750.8 1730.2 1714.2 1710 1714.2 1721.4 1725 1728.8 1729.3 1723.5 1709.7 1714.2 1730.6 1734.3 1738.4 1745 1754.2 1758.4 1751.8 1749.6 1754 1751.5 1730.2 1711.5 1707.9 1690.2 1670.3 1657.5 1648.1 1647.6 1627 1612.2 1600.3 1596.9 1588 1585.5 1587.5 1587.3 1588.5 1582.2 1559 1542.6 1548.3 1554.2 1565.3 1574.3 1588 1601.1 1617.2 1613 1606.3 1603.6
1667.4 1670.8 1670.8 1671.8 1671.6 1676.7 1680.6 1695.7 1714.8 1739.2 1766.2 1796.5 1828.1 1840.2 1843.6 1841.1 1820.5 1795.3 1782 1782.7 1769.1 1746.1 1722.4 1715.3 1705.9 1699.8 1699.5 1699.4 1700.7 1698.9 1688.9 1693.2 1708.2 1711.4 1711.6 1712.6 1721.2 1729.1 1723.7 1724.5 1735.7 1737.7 1727.8 1726.8 1728.6 1711.7 1688.2 1681.1 1680.1 1670.3 1647.4 1636.5 1624.5 1623.4 1606.5 1596.5 1587.9 1582 1575.7 1567.7 1553.5 1539.6 1538.9 1548 1560.4 1569 1577.3 1587.5 1592.6 1591.4 1591.3 1583.8
1649.1 1650.7 1651.9 1653.6 1658.3 1663 1672.1 1693.4 1715.2 1739.3 1763.5 1790.7 1822.4 1832.5 1833.4 1834.6 1821.3 1803 1795.2 1792.6 1775.4 1753.4 1736.3 1737.2 1721.7 1704.5 1696.6 1687.9 1679.9 1677.9 1670.8 1673.9 1682.6 1687 1687.7 1687.4 1693.3 1698.3 1696.8 1695.5 1700.4 1704.6 1704 1713 1728 1719.7 1704.3 1706.2 1705.9 1686.4 1666.7 1654.8 1639.5 1627.1 1601.4 1580.7 1570.2 1566 1563.5 1560.3 1555.2 1545.5 1535.5 1540.6 1551.2 1561.3 1569.7 1577 1577.4 1571.3 1569.4 1580.2
