trunk/exampleDEM.txt
ncols         98
nrows         180
xllcorner     319370.828960
yllcorner     5224288.828227
cellsize      91.6667
NODATA_value  -9999
[rows 0 to 31 of 180, columns 0 to 71 of 98]
1894.8 1899.5 1906.1 1912.3 1914.8 1911.2 1899 1886.3 1881.1 1888.1 1892.9 1884.8 1872 1860.5 1851.6 1837.1 1829.2 1839.1 1847.9 1854.1 1859 1857.1 1848.3 1837.6 1824.2 1817.7 1814 1817.6 1823.1 1816.2 1814.5 1827.9 1841.2 1840.8 1834 1825.4 1828.5 1834.9 1832.7 1839.1 1848.9 1848 1837.8 1822 1801.8 1781.5 1766 1767.7 1773 1769.8 1757.6 1739.4 1723.7 1706.7 1699.3 1702.4 1718.3 1736.6 1754.1 1764.9 1777.2 1789.7 1799.9 1816.6 1831.9 1846.5 1863.8 1884.2 1900.7 1902.4 1884.8 1867.7
1879.5 1887.1 1894.7 1902.3 1908.6 1911.4 1901.1 1885 1873.1 1874.8 1880.4 1878 1866.8 1858 1846 1831.1 1841.4 1853.2 1858.1 1863.5 1870.5 1869.4 1856.8 1840 1834.1 1832.4 1824.9 1831.6 1831.5 1825.7 1825.2 1836 1851.1 1858.6 1851.4 1840.2 1844.9 1851.1 1849.2 1857.2 1865.4 1860.7 1844.8 1823.5 1802.3 1782.7 1776.3 1781.7 1789.7 1787.9 1778.1 1765.2 1745.4 1722.3 1706.6 1696.4 1695.9 1715.4 1734.3 1743.7 1756.1 1769 1782.1 1799.1 1814.4 1829.3 1843.7 1859.8 1879 1894.7 1884.1 1864.7
1865 1874.8 1882.4 1891.8 1902.7 1910 1901.8 1886.2 1873 1865.5 1863.7 1865.9 1859.9 1847.4 1834.3 1832.8 1850.4 1859.7 1863.9 1872 1870.2 1869.1 1861.7 1850.8 1848.4 1842.3 1839.7 1845.1 1844.1 1840.7 1839.6 1844.8 1863.6 1877.2 1871 1858 1861.2 1867.3 1867.9 1873.8 1874.7 1863.5 1844.8 1822.9 1800.8 1788 1791.3 1800.6 1811.1 1810.6 1806.4 1798.3 1776.3 1745.8 1727.4 1705 1691.5 1696.6 1708.4 1718 1734.6 1749.7 1762.9 1780.6 1797.7 1812.7 1830.8 1846.3 1866 1890.6 1889.8 1868.5
1851.9 1860.3 1871 1882 1897 1905.5 1899.6 1886 1874.6 1867.2 1858 1853.9 1848.5 1837.4 1832.8 1836.1 1851.8 1861.4 1867.8 1874.4 1870.4 1869.9 1869.4 1867.3 1861.9 1856.7 1857.1 1859.7 1858.5 1857.8 1859.9 1862.2 1878.3 1894.3 1888.7 1875.5 1877.5 1884.7 1885.9 1887.3 1877.2 1859.1 1839.6 1819.6 1801.6 1801.1 1810 1824.5 1836.5 1834.3 1832 1830.1 1805.7 1769.2 1746.6 1723 1702.4 1690.3 1689.6 1696.6 1708.6 1728.5 1745.3 1762.2 1778.2 1797.9 1818.2 1835.1 1857.9 1888.7 1899.2 1881.7
1840 1848.8 1863.3 1877.3 1891.6 1900.6 1896.9 1887.6 1879.3 1871.9 1861 1851.3 1845.2 1838.7 1839.1 1840.8 1849.1 1859.6 1866.8 1867.6 1868.9 1874.3 1879.1 1882.1 1876 1871.4 1872.2 1875.1 1875.5 1876.3 1879 1882 1892 1908.2 1904.7 1893.9 1893.7 1898.8 1897.3 1892.5 1874.2 1853.2 1833.5 1816 1810.8 1819.1 1830 1848.2 1863.4 1862.8 1858.6 1855.3 1829.1 1792.9 1769.7 1743.1 1723.9 1706.1 1692.1 1683.8 1685.4 1707.2 1733 1749 1766 1786.8 1806.3 1827.7 1850.2 1877 1896.4 1892.1
1832 1844.9 1860.9 1877 1889.6 1899.1 1900.1 1894.8 1886.3 1875.1 1864.4 1853.5 1846.6 1842.3 1845.2 1844.4 1847.3 1857.1 1862.3 1861.2 1867.5 1876.2 1887.4 1895.4 1894.3 1892.7 1892.3 1894.1 1894.4 1894.9 1899.4 1902.8 1906.9 1920.4 1918.5 1909.6 1905.2 1903.2 1897.9 1889 1868.1 1848.8 1831.3 1821.3 1827.5 1838.7 1850.2 1869.1 1893.6 1898.4 1890.2 1871.4 1845.7 1815.9 1792.1 1766.6 1745.6 1727 1709.1 1694.7 1683.2 1690.6 1713.7 1734.2 1757.9 1779.6 1800.7 1824 1845.7 1860 1870.6 1886.3
1835.1 1851.7 1866.8 1880.3 1894.4 1902.5 1905.6 1899.3 1889.2 1876.9 1866.5 1854.6 1849.4 1847.1 1848.2 1847.5 1847.1 1852.6 1856.5 1859.9 1868.8 1877.1 1893.2 1909.3 1916.7 1916.7 1916.5 1912.7 1914.1 1913.2 1918.4 1926.3 1925.7 1930 1924.3 1917.8 1911.5 1902.3 1892.8 1881.3 1862.8 1846.3 1833.8 1833.7 1845.6 1858 1869.9 1889.3 1921.2 1929.7 1909.2 1876.3 1850.6 1828.4 1807 1783.9 1761.1 1742.9 1724.4 1702.3 1684.3 1683.2 1700.4 1724.6 1756 1785.1 1805.7 1823.8 1839.7 1845.4 1850.6 1867.3
1847.3 1864.4 1877.5 1891.1 1899.9 1903.2 1903 1896.3 1886 1872.7 1864 1858.3 1857.8 1855.2 1852.4 1850.7 1848.3 1848.2 1851.9 1860.3 1870 1882.6 1898.4 1917.2 1936.9 1942.4 1938.4 1933.4 1932.3 1932 1939.6 1948.9 1945 1939.4 1929.1 1921.2 1913.4 1901.5 1889.7 1876 1862.1 1848.1 1842.1 1849 1861.7 1874.3 1888.3 1907.2 1940.4 1944.7 1913.4 1878.9 1856.4 1835.8 1813.9 1790.8 1773.8 1761 1739.6 1712.1 1689.1 1678.5 1689.4 1718 1757.5 1802.1 1829.3 1829.2 1827.9 1830.5 1836.8 1847.5
1861.3 1877.7 1886 1892.5 1894.9 1895.8 1895.1 1890.7 1880.5 1870.9 1866.8 1867.7 1867.8 1863.2 1856.7 1851.1 1848.2 1848.2 1850.5 1859.6 1868.9 1884.4 1898.2 1914.9 1935.3 1952.8 1957.5 1954.7 1956.7 1954.8 1955.6 1961.8 1958.2 1948.8 1939.7 1928.6 1916.9 1903.6 1891.9 1879.2 1867.2 1855.8 1855.6 1865.1 1877.3 1890.1 1904 1922.6 1952.4 1953.9 1919.4 1887.4 1869.3 1854.9 1834.2 1812.9 1794.6 1774 1748 1724.5 1699.8 1677.2 1676.2 1704.1 1743.6 1794.3 1829.1 1819.4 1810.1 1814 1822.1 1833.2
1869.9 1878.8 1882.2 1882.2 1880.6 1884.9 1886.4 1888 1882.5 1880 1878.8 1878.9 1874.6 1867.3 1860.5 1854.7 1851.9 1850.2 1851.6 1858.5 1868 1881.5 1893.8 1911.4 1926.7 1942.2 1961.8 1974.4 1977.1 1976.9 1975.3 1973.7 1968.9 1959.4 1952.2 1938.7 1926.7 1913.5 1901.1 1889.1 1878.5 1869 1869.8 1879.5 1894.4 1908 1922.8 1941 1966.4 1972.5 1939.9 1910 1896.4 1887 1858.1 1832.9 1803.3 1776.1 1754.8 1732 1709.8 1686.9 1670.2 1689.4 1730.2 1768.8 1793.5 1791.7 1790.6 1794.9 1804.1 1821
1863.8 1868.6 1869.2 1867.4 1870.7 1877.2 1883.6 1889.9 1892.2 1893.1 1892 1886.8 1878 1870.3 1865.8 1862.7 1858.4 1854.7 1853.2 1856.7 1865.6 1876.8 1890.7 1906.9 1921.8 1933.6 1948 1970 1987.3 1996.8 1996.1 1989.5 1982 1972.3 1965.5 1954.5 1941.9 1928.8 1918 1906 1893.6 1883.7 1884 1893.4 1911.5 1929 1946.2 1964.9 1988.7 2001.1 1971.8 1942.5 1928.1 1903.4 1863.5 1833.8 1807.1 1782.8 1763.1 1742.9 1715.6 1691.1 1669.2 1676.3 1712.3 1741.9 1758.5 1764.2 1768.4 1774.3 1787.3 1811.6
1849.6 1851.8 1854.2 1857.9 1866.2 1877.6 1890.1 1899.4 1905.9 1906 1900.9 1890.5 1883.1 1878.1 1875 1871.1 1868.2 1860.5 1852.8 1853.4 1861.4 1873.2 1888.1 1900 1915.7 1927.1 1942.1 1958.2 1976.6 1994.6 2005 1999.7 1992 1990 1988.8 1977.8 1962.1 1948.6 1935.9 1923.1 1910 1901 1898.7 1908.6 1926.8 1948 1972.1 1992.7 2010.9 2022.9 2004.1 1974.4 1943.3 1905.9 1867.1 1836.4 1813.5 1798.1 1784.6 1761.5 1723 1693.8 1668.1 1664.4 1690 1718.6 1730.8 1738.6 1742.7 1752.9 1771.9 1804.1
1834 1837 1842.3 1853 1864.8 1881.5 1900 1912.7 1916.9 1914.7 1906.9 1897.6 1894 1889 1886.6 1884.5 1881.6 1869.8 1855.9 1849.1 1855.7 1868.2 1880.9 1892.7 1908.4 1922.9 1936.2 1951.3 1967.7 1980.8 1997.9 2008.2 2008.4 2009.4 2009.3 1998.7 1983.6 1966.6 1951 1938 1927.4 1918.2 1914.7 1924.8 1940.2 1959.3 1984.5 2000.2 2009.4 2014.7 2012.9 1993.2 1954.1 1914.1 1877.8 1847.8 1832.8 1824.3 1803.8 1772.5 1737.2 1705.7 1679.9 1662 1673.5 1698.1 1710.4 1716.4 1719.2 1732.6 1756.5 1781.3
1827.2 1835 1847 1858.6 1870.3 1886.6 1906.4 1918.1 1923.2 1920.1 1916.8 1910.2 1908.8 1904.8 1900.8 1898.3 1891.9 1876.1 1858.3 1845.6 1847.3 1860 1872.7 1887 1901.1 1916 1930.4 1946.8 1960.6 1974.6 1997.1 2021.6 2027.7 2030.4 2029.5 2022.4 2004.3 1981.3 1963.4 1951.6 1942.3 1933.5 1930.7 1939.3 1950.4 1962.5 1974.1 1981.8 1985.9 1989.1 1992.6 1988.5 1968.1 1933.8 1897.8 1871.3 1863.3 1842.2 1810.3 1781.8 1748.8 1718 1691.5 1665.1 1658.1 1670.8 1686.8 1694.3 1700.3 1713.4 1728.4 1744.1
1831.7 1841.7 1856.1 1871.9 1882.2 1896.7 1911.3 1921.3 1930.7 1932.5 1932.8 1928.2 1926.8 1923.7 1916.8 1908.1 1894 1876.5 1858.8 1843.2 1840.1 1850.4 1864.4 1878.7 1892.9 1907.8 1924.3 1941.7 1957.5 1968.5 1993.7 2023 2031.1 2037.9 2044.7 2042.1 2021.5 1995.1 1977.4 1965 1954.1 1946.6 1944.1 1949.1 1955.8 1958.6 1960.6 1962.2 1962.9 1963.3 1965.4 1967.6 1964.4 1941.4 1905.7 1884.6 1875.2 1852.7 1818.3 1796.6 1768.5 1734.1 1703.3 1677.3 1661.5 1654.3 1658.7 1670.1 1680 1689.6 1696.6 1706.8
1840.1 1851.7 1868 1884.2 1897.2 1911.7 1926 1934.8 1944.9 1951.1 1952.5 1951.9 1946.6 1938.4 1926.8 1912.1 1894.8 1875.5 1858 1840.6 1834.6 1843.3 1856 1870.2 1882.2 1900.8 1919.9 1935.2 1952 1965 1984.6 2004.6 2012.2 2023.1 2036.6 2045.6 2031.4 2005.7 1989.2 1977.8 1969.2 1962.6 1957.2 1954.7 1953.6 1950.8 1950.9 1949.2 1946 1944.8 1942.8 1942.2 1939.5 1922.9 1892.9 1874.4 1861.8 1851.4 1831.2 1810.1 1782.2 1752.2 1721 1695.6 1675 1659.1 1652.5 1650.7 1655.1 1663.1 1667.9 1673.8
1846.8 1866.1 1882.8 1898.5 1911.8 1925.4 1942.1 1954.5 1964.2 1971.9 1974 1971.8 1961.6 1947.7 1930.1 1912.6 1896.2 1877.4 1858.6 1841.1 1830.9 1837.3 1847.8 1861.9 1876.4 1893.1 1910.6 1928.7 1948.6 1958.3 1967.8 1982.7 1994.8 2006.3 2024 2043.4 2040.7 2017.4 2003.8 1998.4 1992.5 1983.1 1968.5 1955.4 1947.2 1940 1937.4 1935.9 1931.1 1929.1 1924.2 1918.1 1909.6 1894.8 1872.1 1854 1841.4 1830.1 1814.5 1794.3 1773.4 1756.4 1736.1 1714 1693.3 1674.5 1661.2 1654.6 1649.1 1643.8 1643.8 1649.4
1854.6 1878.6 1898.4 1913.9 1927.9 1944.1 1961.1 1976.8 1986.2 1994.6 1995 1984 1968.8 1951.1 1931.1 1913.8 1897.7 1880.1 1860.8 1842.4 1828.3 1830 1840.3 1854.4 1870.7 1888.3 1905.9 1922.5 1937.5 1947.3 1957.5 1969.7 1980.5 1990.8 2010.7 2035.5 2045.8 2032.6 2020.8 2019.2 2009.2 1993.8 1971.5 1953.2 1941.1 1929.3 1922.4 1918.7 1914.8 1910.2 1905.6 1897.3 1884.3 1870.3 1853.2 1837.9 1825.1 1810.8 1794.9 1777.1 1761.9 1747.9 1732.8 1718.3 1701 1683.1 1666.6 1665.1 1663.6 1651.9 1643.8 1640.6
1868 1893.4 1913.2 1930.6 1948 1964.9 1981.8 1999.6 2008.5 2013.6 2007.8 1990.6 1971.9 1952.3 1932.4 1914.5 1896.6 1879.9 1862.6 1844.5 1828.6 1823.3 1829.5 1844.5 1865.5 1886.2 1897.9 1909.8 1922.5 1931.3 1943.2 1956.4 1969.8 1980.6 1996 2019.2 2038.5 2037.6 2031.6 2025.3 2006.8 1986.7 1966.1 1950.4 1935.8 1920.9 1907.7 1899.9 1894.7 1889.6 1885.6 1879 1866.5 1852 1839.1 1825 1811.4 1796 1781.3 1765.3 1749.6 1736.7 1724.4 1712 1695.2 1679.6 1674 1685.5 1686.6 1674.8 1658 1651.2
1884.5 1908.7 1928 1942.7 1958.3 1978.1 1999.3 2021.6 2029.8 2028 2013.3 1994.8 1973.9 1953.3 1932.9 1913.9 1893.7 1878 1863.4 1845.6 1829.5 1819 1819.2 1833.2 1852.9 1871 1882.7 1892 1904.1 1916 1930.2 1944.2 1957.5 1971.8 1983.3 2003 2021.2 2023.3 2023.1 2018.9 1999.2 1977 1960.9 1947.3 1932.1 1913.2 1895.8 1881.8 1873.6 1868.9 1866.5 1861.2 1851 1838.9 1825.8 1812 1797.9 1782.5 1765.8 1751.6 1738.8 1725.7 1717.7 1705 1689.5 1679.7 1688.7 1699.7 1691.6 1677.1 1665.6 1669.9
1892.6 1911.8 1932.6 1945.5 1962.7 1986.8 2013.6 2038 2047.2 2039.2 2018 1997.2 1973.8 1952.8 1932.6 1913.7 1893.4 1878.3 1864.4 1847.7 1832 1819.9 1813.7 1821.4 1839.5 1855.1 1862.6 1867.9 1882.9 1897.8 1915.5 1933.2 1948 1962.9 1976.5 1991.6 2001.3 2000.9 2004.5 2010.1 1996.2 1975.6 1957.7 1943.8 1927.6 1908.5 1890.9 1870.1 1856.8 1849.4 1847.7 1843.2 1834.3 1823.6 1809.9 1797.9 1784.5 1769.5 1754.1 1740.1 1728.1 1714.9 1702.7 1697.6 1700.2 1704 1703.4 1696.7 1685.2 1672.6 1675.3 1694.2
1889.8 1910.3 1929.6 1944.7 1966.4 1990 2019.1 2045.9 2053.5 2038.5 2020 1996.5 1972.8 1952.7 1933.1 1913.3 1893.4 1878.5 1863.6 1847.1 1833 1821.7 1811.9 1812.8 1826.4 1838.3 1842.9 1853.9 1869.7 1888.1 1908.5 1926.4 1943.3 1955.1 1967.7 1975.2 1977 1978.2 1983.9 1998 1999.4 1982.7 1958.8 1939.1 1924.3 1908.5 1890.4 1870.8 1851.9 1838.3 1829 1824.4 1817.8 1809.1 1794.5 1784.4 1770.4 1755.1 1740.4 1727.6 1713.7 1711.7 1719.4 1727.8 1728.1 1718.5 1703.7 1690.1 1685 1686.7 1691 1712.3
1887.1 1904.3 1929 1946.2 1971.8 1994.8 2019.4 2041.3 2045.5 2033.5 2015.4 1992.5 1972.2 1952.8 1933.7 1914.1 1894.2 1878.6 1863.9 1848.3 1836.3 1824.1 1810.1 1806 1813.9 1824.4 1838.2 1855.8 1871.5 1888 1906.5 1926.1 1940.2 1943.9 1945.3 1949 1955.5 1958.3 1962.3 1976.8 1990.1 1983.3 1960.3 1938.3 1924.5 1911 1894.2 1879.1 1862.2 1844.7 1823.8 1810.4 1799.9 1791.1 1780 1769.3 1758.6 1742.5 1733.6 1732.3 1726.6 1730.9 1752.9 1756.4 1734.6 1716.2 1700.5 1697.8 1708.1 1715.2 1707.3 1721.8
1885.3 1904 1930.5 1951.4 1971.7 1988.6 2010 2030.5 2034.9 2027.4 2008.8 1987.5 1970.7 1952.4 1933.8 1916.5 1898.3 1882.7 1872.8 1863.8 1848.8 1828.4 1808.4 1801.2 1807.9 1819 1835.8 1861.6 1886.9 1900.8 1914.3 1932.8 1933.9 1932.2 1932.8 1933.4 1938.6 1939 1941 1951.1 1962.3 1963.2 1954.4 1939.3 1927.1 1915.2 1902.9 1890.7 1875.8 1856.4 1832.6 1808.1 1791.8 1781.4 1769.3 1758.9 1756.4 1751.1 1746.5 1756.7 1752.7 1745.9 1765.1 1754.6 1728.6 1711.8 1713.3 1720.3 1734.6 1741.7 1728.3 1731.9
1879.6 1897.8 1929.3 1949.3 1962 1974.9 1993.6 2010.6 2020.5 2018.1 2002.4 1985.7 1969.4 1952.9 1935.6 1919.2 1904.6 1893.6 1888.9 1881.1 1862.1 1835.1 1811.9 1800.1 1801.4 1810.5 1828.6 1852.6 1882.7 1901.6 1912 1922.2 1924 1916.8 1912.3 1915.7 1922.6 1924.8 1927.7 1936 1942.8 1947.1 1946.4 1942 1934.7 1923.5 1911.8 1899.2 1881.6 1861.9 1839.8 1816.9 1804.8 1790.5 1773.7 1763.9 1777.2 1782.6 1769.4 1773.6 1768.6 1757.6 1762.8 1747.9 1728.1 1718.1 1735.2 1751.2 1760 1758.8 1745 1746.2
1874.8 1893.7 1918.8 1936.5 1952 1964.7 1976.5 1989.5 2003.6 2010.5 1999.6 1985 1968.5 1954 1939 1923.9 1912.3 1902.3 1893.9 1883.3 1865.8 1841.5 1818.8 1802.7 1794.6 1799.5 1817.7 1840.6 1868 1887.9 1895.9 1905 1908.4 1899.3 1894.5 1898.7 1907 1910.7 1915.6 1924.8 1933.5 1941.9 1944.3 1948.6 1947.7 1938 1920.8 1903.8 1885 1866.6 1847.5 1833.8 1823.4 1801.2 1783.7 1781.7 1807.3 1816.4 1797.8 1793.4 1784.4 1774.4 1762.4 1745.7 1729.3 1729.3 1751.7 1780.4 1790.2 1775 1763.5 1757.5
1869.6 1890.6 1910.8 1928.3 1943.2 1958.8 1971.4 1982.6 1993.4 2006 1998.1 1984.7 1970.3 1955.4 1941.7 1928.6 1915.3 1902.2 1889.3 1877.1 1862 1842.1 1824.3 1806.3 1792.2 1790.7 1804.6 1826.8 1858.2 1874 1882.4 1890.9 1896.5 1881.7 1875.9 1880.7 1889.6 1897.1 1904.1 1914 1925 1933.9 1944.9 1961.1 1967.8 1955.2 1929.2 1908.4 1891.1 1872.4 1858.5 1846.6 1830 1806.4 1792.9 1800 1824.8 1838.2 1829.6 1819.1 1804.1 1790.1 1766.5 1748.6 1736.1 1744.3 1762.6 1793.3 1811.1 1799.1 1780.4 1761.3
1863.1 1880.3 1902.2 1922.1 1935.5 1952.9 1966.2 1978.8 1993.7 2007.5 2000.8 1985.5 1972.2 1956.2 1942.9 1929 1911.9 1896.9 1881.8 1868.3 1854.9 1837.2 1823.4 1807.6 1793.4 1785.6 1788.3 1810.9 1840 1858.7 1868.6 1879.7 1876.6 1861.9 1856.8 1860.2 1872 1879.2 1888.9 1903.2 1916.1 1929.8 1945.1 1963.1 1972 1958.2 1933.5 1913.1 1898.6 1882.3 1866.3 1850.5 1831.2 1814.8 1811.8 1821.5 1833.7 1848.8 1850.9 1836.3 1813 1791.1 1769.3 1752.8 1753.2 1772.5 1781.9 1796 1816.3 1809.6 1785.1 1766.2
1859.6 1875.8 1894.2 1912.4 1928.9 1947 1965.7 1979.6 2001.3 2009.2 1997.9 1985.7 1972.5 1956.7 1941.8 1926.6 1907.1 1889.7 1872.4 1858.9 1845.5 1831.7 1820.7 1809.5 1796.6 1786.7 1781.1 1797.1 1825.9 1841.7 1854.4 1864.4 1855.6 1842.4 1833.2 1838.2 1851.6 1862.4 1878.2 1894.9 1910.7 1929.2 1943.2 1951.2 1953.4 1949.4 1935.8 1922.2 1911.3 1894.8 1872.8 1854.7 1838.8 1830 1834.5 1847 1851.5 1859.1 1856 1836.9 1813.8 1790.4 1771.6 1759.1 1770.3 1794.4 1811.7 1818.4 1826.8 1815.6 1791.7 1775.1
1855.1 1872.3 1891.4 1911.1 1929.7 1947.8 1967.2 1988.3 2016.4 2015.4 1998.2 1986.6 1973.1 1958.4 1941.5 1924.5 1904.7 1886.1 1869.6 1857.4 1845.9 1840.2 1836.9 1827.6 1808.9 1790 1778.3 1783.1 1808.7 1826.1 1842.5 1850.1 1837.7 1827.5 1816.2 1819.9 1838.3 1854.2 1873.1 1891.6 1907.4 1923.5 1932.2 1934.3 1936.6 1937.8 1936.9 1937.3 1930.4 1906.2 1881.3 1865.1 1854.1 1848.3 1852.7 1868.2 1873.9 1873.6 1856.5 1833.4 1813.5 1793.1 1779.7 1777.3 1781 1798 1826.6 1846.3 1847.2 1821.4 1799.4 1788.1
1851.5 1870.5 1891 1913.5 1933 1951.3 1972.8 1999.6 2026.1 2022.7 2003.4 1990.5 1977.1 1961.7 1944.9 1926.5 1909 1892.9 1882.1 1872.9 1861.9 1864.6 1862.9 1846 1821.8 1798.1 1776.8 1772.7 1789.5 1811.2 1826.9 1829.5 1820.3 1810.8 1807.6 1818.6 1837.1 1855 1870.7 1885 1901.7 1910.1 1916.2 1920.3 1925 1930.5 1937 1948 1945.3 1917.6 1893.8 1883.2 1877.7 1869.7 1868.1 1883.1 1889.8 1879.4 1855.8 1833.6 1817 1800.9 1798.7 1799.1 1792.6 1806.6 1830.7 1859.5 1860.8 1828.5 1811.9 1811.5
1865.1 1883.4 1898.1 1917.3 1935.1 1956.5 1983.8 2012.4 2033.8 2025.1 2009.2 1995.6 1981.5 1968.3 1953.2 1934.9 1923.4 1913.5 1903.7 1893.3 1883.6 1888.9 1881.5 1857.1 1831.7 1805.6 1781.1 1769.5 1772.2 1792.1 1809.9 1810.5 1804.6 1794.4 1800.9 1818.9 1835.5 1850.2 1869.2 1887.2 1891.7 1898.2 1902.2 1907 1914.6 1922.7 1933.4 1945.7 1951.1 1930.8 1911.2 1903.9 1901.2 1890.8 1885 1897.7 1898.2 1878.1 1856.4 1839.7 1826.1 1814.7 1820.3 1821.4 1812.9 1822.5 1841.5 1863.2 1863.3 1840.9 1838.4 1844.3
