trunk/exampleDEM.txt
ncols         98
nrows         180
xllcorner     319370.828960
yllcorner     5224288.828227
cellsize      91.6667
NODATA_value  -9999
[rows 128 to 159 of 180, columns 0 to 71 of 98]
1633.9 1637.2 1637.8 1640.2 1644.3 1654.4 1674.5 1699.8 1724.1 1747.4 1766.7 1787.3 1804.4 1816.4 1818.8 1823.1 1821 1810.7 1804.3 1794.2 1776.4 1763.7 1754.5 1760.9 1746.8 1724.7 1718.7 1700 1686.3 1680.6 1673 1665 1661.3 1661.3 1664.4 1666.1 1673.4 1674.3 1674.3 1674.1 1673.5 1675.3 1677.3 1683.5 1695 1699.2 1703.5 1708.7 1705.9 1687.5 1670.7 1647.6 1625.5 1602.7 1579.9 1567.9 1567.9 1569.8 1576 1582 1575.4 1561.4 1537 1535.5 1538.8 1549.6 1560.7 1558.8 1556.7 1566.5 1585.1 1603.6
1620.7 1623.3 1624.8 1628.5 1636.4 1652.8 1669.9 1692.1 1713.3 1733.6 1751.3 1765.5 1778.4 1793.7 1801.5 1809.5 1814.6 1809.3 1804.4 1795.1 1781.8 1779.6 1775.3 1779.7 1766.8 1747.4 1738.1 1712.1 1708.2 1695.4 1694 1683.9 1663.6 1652.4 1647.7 1646.4 1647.4 1648.1 1648.3 1648.3 1651.5 1653.9 1656.6 1658.3 1663.6 1668.7 1672.8 1676.9 1671.4 1660.6 1642.9 1617 1596 1580.9 1573.7 1578.2 1581.6 1587.3 1590 1605.7 1601.9 1586.1 1551.1 1534.2 1531.3 1534.8 1544.8 1546.7 1560.5 1588.9 1614.9 1632.2
1607.8 1614.5 1619 1627.5 1638.4 1651.4 1662.8 1677.8 1695.5 1712.9 1731.6 1749.6 1769.4 1782.9 1786.4 1793.3 1797.3 1793.5 1792.5 1787.2 1779.6 1782 1785.2 1788.5 1783.3 1769.5 1748.4 1726 1724.1 1711.2 1718.9 1708.4 1678.9 1663.4 1655.5 1647.8 1642.6 1635 1629.6 1626.9 1628 1631.5 1630.8 1634.9 1637.8 1643.2 1644 1643.2 1633.4 1623.7 1608.4 1592.1 1583.2 1581.6 1587.9 1597.7 1597 1604.8 1601.5 1610.7 1622.1 1609 1569.2 1539.2 1529.5 1528.8 1538 1549.5 1568.8 1596.8 1619.6 1644.5
1609 1617.5 1626.7 1637.5 1642.3 1660.6 1677.4 1687.1 1689.8 1707.1 1729.5 1751.7 1773.3 1782.8 1777.8 1777.8 1778.4 1774.7 1774 1769.2 1766.8 1770.7 1775.7 1781.3 1786.8 1782.3 1761.7 1747.6 1736.8 1733.7 1737.6 1715.4 1687.8 1685.1 1680.1 1663.1 1666.1 1659.3 1645.6 1631 1626.9 1617.5 1614.4 1612.3 1614 1616.6 1617.2 1612.7 1606.9 1600.2 1590.7 1585.9 1590.2 1594 1608.6 1615.6 1611.3 1617.4 1620 1612.4 1626.3 1616.6 1575.5 1545.9 1531.4 1528.5 1533.2 1543.5 1567.6 1582.7 1607.1 1630
1623.8 1628.3 1640 1648.9 1653.2 1659.7 1684.1 1706.9 1709 1727.7 1750 1756.1 1768.7 1777.9 1772.1 1765.4 1761.1 1757.3 1753.6 1752.3 1751.6 1756.2 1757.8 1765.7 1778.3 1786.7 1781.1 1769.1 1752.8 1755.6 1747.1 1718.1 1705.5 1714.9 1701.1 1678.5 1689.9 1690.9 1671.4 1649.6 1646.9 1634.8 1627.1 1616.9 1610.7 1602 1599.8 1595.6 1593.7 1593.7 1593.8 1602 1608.5 1603.5 1624.9 1631.5 1626.8 1626.7 1640.1 1625.6 1627.5 1612.6 1574.3 1547.9 1533.5 1525.3 1526.4 1533.9 1553.7 1569.8 1593.4 1608
1639.4 1641.2 1653.2 1666.2 1669.3 1665.6 1684.7 1704.4 1722.9 1744.3 1763.6 1766 1771.6 1773.2 1770.5 1761.4 1752.6 1745.7 1740.3 1736.3 1734.8 1738.6 1739.3 1748.8 1762.7 1779.3 1787.5 1782.6 1775.1 1780.5 1761.8 1732.1 1731 1736.1 1713.1 1697 1710.5 1708.8 1680.7 1668.5 1669.9 1656.3 1640.7 1639.3 1627.5 1611.7 1610.7 1606.9 1603.3 1603.1 1606.3 1621.3 1626.7 1610.9 1631.1 1646.1 1643.7 1636.2 1653.7 1643.9 1632.9 1609.8 1575.4 1552.1 1535.7 1525.7 1522.9 1530 1547 1558.5 1569.7 1579.5
1640.8 1644.6 1657.5 1672.9 1686.7 1683.3 1683.3 1700.1 1722.1 1745.1 1749.1 1749.6 1752.1 1752.5 1759.9 1764.4 1760.6 1750.8 1742.1 1731.6 1725.9 1721.2 1720.5 1731 1743.3 1757.4 1768.9 1776.5 1789.6 1801.3 1783.8 1760.3 1760.9 1754.1 1731.8 1720.6 1731.8 1727.1 1699.1 1692.6 1694 1672.7 1654.5 1659.6 1641.1 1624.2 1631.6 1627.8 1617.1 1614.4 1617.7 1632.2 1638.9 1617.8 1635.1 1659.8 1661.2 1647.6 1662.4 1659.1 1643.7 1618.3 1582.6 1554 1536.1 1528.7 1520.9 1524.1 1534.7 1538.8 1561.1 1571.8
1627.9 1635.6 1651.4 1669.5 1690 1700.1 1699.8 1708 1725.6 1736.9 1728.6 1726.7 1729.2 1730.3 1743.7 1759.7 1764.9 1763.2 1759.2 1748.1 1735.6 1718.2 1707.3 1712.9 1725.9 1736.3 1746.3 1762.1 1787.2 1806.3 1798.6 1778.6 1772.4 1758.6 1742 1734 1735.8 1734.4 1714.5 1710.6 1708.1 1682.2 1674.1 1673.6 1648.6 1636 1649.4 1643.3 1626.3 1626.9 1626.9 1640.6 1651 1627.2 1641.6 1668.8 1676.3 1662.3 1674.6 1671.9 1658.5 1629.2 1588.2 1555.8 1534.9 1521.3 1518.3 1517.5 1524.6 1533.1 1550.8 1565.4
1613.3 1625.9 1641.7 1658.6 1676.1 1695.2 1714.6 1723.4 1724.9 1721 1709.8 1704.4 1705.9 1707.9 1722.8 1741 1747.6 1758.1 1765.4 1766.2 1754.8 1729.6 1705.9 1697.7 1708.3 1719.1 1730.6 1749.7 1775.7 1797.4 1795.9 1773.4 1757.7 1740.4 1725.9 1717.5 1714.2 1722 1717.8 1713.5 1711.1 1697.8 1693.2 1676.8 1656 1655.3 1661.7 1648.8 1634 1639.4 1635.9 1653.8 1660.6 1636.9 1646.3 1670.2 1686.1 1678.8 1688 1683.8 1671.2 1639.1 1595.3 1556.5 1532.7 1520 1517.1 1516.4 1523.2 1531.6 1544.2 1556.2
1605.5 1622.1 1637.3 1655 1677.9 1701.6 1724.6 1736.5 1721.7 1705.9 1691.4 1681.2 1681.1 1689.4 1707 1717 1721.9 1737.1 1752.6 1769.7 1766.2 1741.8 1715.9 1694.6 1690.4 1702.4 1719.4 1736.8 1761.1 1782.7 1790 1769.6 1746.6 1725.6 1705.9 1693.8 1689.6 1696.1 1696.1 1701.2 1714.2 1716.3 1704.5 1680.3 1669.3 1676.2 1671.5 1652.6 1647.8 1650 1646.5 1667.4 1664 1648.6 1653 1675.5 1693.8 1697.3 1699 1688.8 1672.4 1637.4 1594.6 1556.7 1534.8 1523.5 1516.4 1516.4 1521.3 1527.5 1537.1 1555.9
1605.4 1622.1 1635.9 1650.9 1675.4 1702.2 1731.2 1745.6 1726.6 1702 1679.7 1663.1 1660.2 1673.7 1688.4 1691.8 1698.6 1716.5 1734.2 1755.1 1762.9 1751.4 1729.3 1701.9 1681.2 1685.7 1704.7 1720.9 1742.3 1762.1 1776.1 1769.2 1748 1727.1 1705.6 1682.8 1668.9 1670.4 1678.6 1698.8 1716.4 1716.5 1698.7 1685.2 1686.4 1692.6 1678.4 1665.2 1665.5 1659.5 1659.4 1679.2 1670.3 1666.1 1662.6 1683.7 1699.7 1704.8 1697.7 1677.5 1655.2 1627.4 1591.8 1558.1 1537.4 1524.3 1517.1 1516.4 1517.8 1523.7 1536.7 1548.7
1607.1 1617.2 1627.7 1644.4 1667.2 1693.5 1722.5 1742 1727.4 1703.8 1681.4 1659.5 1647.1 1658.7 1664.9 1670 1681.2 1694.7 1714.1 1734.6 1747.3 1751.5 1735.8 1709.7 1683.5 1673.3 1685.6 1706.1 1723.5 1739.6 1755.9 1757.5 1743.4 1733.9 1717.2 1689.5 1662 1649.2 1664.6 1687.8 1702.6 1694.2 1676.7 1671.5 1685.4 1698.5 1688 1681.8 1680.9 1670.5 1674.5 1692.2 1685 1684.3 1675.1 1685.5 1693.1 1688.2 1676.1 1655.9 1631.7 1608.2 1583 1558 1540.4 1525.7 1517 1512.6 1514.6 1520.8 1528.8 1539.6
1599.9 1610.9 1622.8 1638.1 1657.9 1681.9 1704.9 1717.1 1710.2 1700.1 1685.6 1662.3 1639.8 1641 1645.9 1656 1663 1679.3 1701.3 1721.2 1727.4 1732.1 1731.4 1716.7 1694.1 1674 1670.3 1689.1 1701.6 1714.4 1730.2 1732.4 1722.8 1722.1 1715.4 1696.6 1671 1644.6 1645.2 1666.3 1677.4 1672.9 1657.4 1660.5 1683 1697.8 1692.3 1688.5 1690.9 1685.1 1690.6 1704.2 1702.2 1700.1 1686.7 1681.3 1671.5 1658.6 1644.7 1631 1612.8 1596 1577.1 1558.4 1539.7 1523.3 1515.9 1510.2 1513.5 1519.4 1521.7 1534.9
1596.4 1606.2 1620.5 1635.8 1653.9 1668.8 1678.8 1691.3 1691.3 1687.9 1681.8 1660.3 1637.1 1626.3 1633.8 1642.3 1651.2 1672.6 1693.8 1710.7 1706.1 1707.9 1718.1 1718.5 1705.6 1684.5 1663.6 1668.4 1679 1691.2 1704.2 1705.7 1700 1697.7 1694.8 1682.3 1668.3 1644.8 1631.6 1640.9 1655.7 1655.6 1642.3 1652.5 1673.1 1684.4 1680.2 1680.5 1691 1692.3 1697.6 1708.2 1710.3 1704.3 1682.8 1663.6 1646.7 1635.2 1623.3 1608.2 1594.5 1584.4 1571.2 1554.4 1535.2 1520.8 1516.6 1510.2 1512.8 1514.8 1516.3 1528.6
1606.4 1613.1 1623.3 1640.6 1653.4 1657.1 1662.2 1672.8 1678.3 1671.6 1672.4 1662 1638.9 1621.4 1620.4 1629.5 1646 1664.7 1684.7 1696.5 1684.7 1686.8 1698.1 1706.3 1704.8 1692.3 1666.9 1654.7 1658.2 1668.4 1681.1 1683.6 1678.4 1671.3 1668.9 1659.5 1650.7 1643.2 1622.7 1624.4 1640.2 1640.8 1626.6 1640.3 1654.2 1665 1664.3 1664.1 1675.4 1679.9 1687.8 1700.1 1703 1690.7 1667.1 1644.6 1625.2 1617.2 1613.3 1595.4 1578.7 1569.4 1560.3 1545.8 1531.4 1522 1519 1509.9 1509 1511 1515.3 1522.7
1617.2 1621.6 1630.4 1644 1647.5 1639.3 1643.7 1656.4 1665.5 1660 1655 1657.2 1640.3 1620.7 1612.5 1625.9 1644.8 1662.3 1680.4 1682.4 1665.8 1665.2 1677.8 1684.7 1691.8 1693.8 1674.4 1654.3 1646.2 1647.6 1658.3 1660.8 1657.3 1649.9 1646.3 1639.4 1628.8 1621 1608.9 1605.3 1613.8 1615.5 1609.1 1616.3 1627.8 1637.3 1639.9 1642.3 1653 1663.7 1679.4 1694.2 1693.8 1676.2 1655.4 1632.6 1610.4 1596.8 1595.4 1584 1566.7 1556.7 1545.3 1535.8 1526.1 1521.3 1518.8 1512.3 1507.6 1507.6 1512.7 1516.2
1617.5 1617.1 1630.4 1641.2 1640.8 1625.8 1630.8 1648.8 1658.1 1650.2 1642.5 1646.6 1639.3 1621.8 1609 1619.3 1636.3 1651.4 1668.3 1668.4 1652.5 1645 1657.4 1665.3 1677.8 1688.8 1680.4 1663.8 1651.2 1641.9 1639.8 1638.3 1635.7 1631.2 1626.6 1619.6 1612.8 1607 1602.8 1598.7 1596.5 1594.3 1593.9 1601.6 1611.5 1619.7 1619.6 1626.8 1644.4 1663.8 1679.8 1688.3 1681.9 1663.1 1641.8 1620.8 1601.1 1581.6 1572.9 1566 1553.1 1543 1534.5 1529.1 1524 1523.4 1520.5 1513.8 1509.1 1506.3 1510.5 1515.7
1607.4 1602.1 1616.6 1631.4 1636.9 1620.4 1620.2 1634 1642.5 1644.2 1634.5 1633.7 1635.7 1623.2 1605.6 1612 1628.3 1643.4 1652.5 1650 1639.3 1629.7 1638.3 1652.1 1664 1675.8 1681.1 1677.6 1669.1 1655 1642 1634.6 1628.9 1621.9 1617.3 1611.9 1609.5 1608.2 1605.8 1602.5 1600.2 1597.7 1594.2 1588.1 1592.1 1599 1601.7 1618.1 1639.1 1645.8 1654.6 1659.8 1651.3 1639.4 1624.7 1606.2 1585.6 1568.2 1556.3 1547.4 1540.3 1536.1 1538.8 1535.6 1532.8 1534.3 1534.1 1522.2 1511.8 1506.3 1506.9 1514
1597.9 1590.9 1604.1 1623.5 1634.3 1617.3 1606.4 1617.1 1630.5 1639 1634.3 1623 1623.8 1616.7 1600.7 1601.2 1619.5 1635.6 1637.1 1630.6 1624.5 1618.6 1628.5 1641.8 1651.5 1664.1 1675.7 1683.7 1680 1667.8 1654.7 1647.4 1639.9 1630.8 1625.6 1622.5 1619.7 1620 1618.2 1612.1 1611 1617.1 1612.9 1596.4 1585.6 1583.2 1587.1 1602.3 1615.6 1620.7 1624.9 1625.7 1621.1 1610.9 1596.1 1579.7 1564.6 1554.4 1546.6 1540.3 1541.7 1544.7 1553.2 1551.7 1548.3 1546.4 1556.6 1536.3 1514.9 1505.5 1504.5 1511.3
1590.6 1581.8 1593 1613.5 1628.4 1618.6 1600.9 1605.4 1621.2 1637.6 1638.4 1623.6 1612 1603.7 1594.7 1594.1 1609.3 1620.3 1619.5 1613.7 1610.5 1615.2 1629.1 1640.8 1652.3 1665.5 1674.6 1675.3 1666.8 1658.3 1652.3 1654 1654 1646.1 1641.1 1645.5 1639.5 1639.3 1631.1 1622.9 1629.2 1638.3 1633 1612.8 1597.6 1590.6 1580.3 1582.7 1589.4 1593.5 1597.6 1596.9 1595.6 1587.3 1573.8 1558.2 1551.2 1549 1546.9 1546.3 1555.3 1565.5 1568.3 1567.3 1563.4 1556.2 1572 1551.9 1519.3 1505.9 1503.4 1508.6
1579.6 1574.8 1583.7 1604.3 1624 1617.5 1596.2 1593.5 1609.9 1626.1 1635.5 1630.3 1619.5 1605.3 1593.7 1587.8 1594.7 1599.3 1600 1599.5 1609.7 1621.7 1638.3 1654.9 1664.8 1672.6 1669 1656.9 1642.6 1639.5 1644.3 1656.3 1665 1658.3 1660.1 1668.5 1660.5 1654.7 1635 1634.7 1650.4 1656.6 1645.5 1622.8 1612.5 1604.4 1586.9 1575.7 1571.5 1569 1571.4 1571.9 1570.9 1565.8 1560.5 1552.8 1552.9 1554 1560.3 1559 1563.1 1582.8 1585.1 1581.5 1575.2 1565 1581.5 1567.4 1528 1507.1 1502.1 1505
1569.6 1566.6 1575.3 1595.4 1616.4 1615.4 1597.1 1584.2 1596.7 1611.8 1625.1 1632.9 1628.9 1615.5 1600.1 1585.2 1581 1582.6 1588.5 1599.8 1617.3 1631.7 1643.8 1661 1667.6 1663.2 1649.2 1636.2 1627 1630.5 1642.8 1659.9 1674.5 1672.4 1682.1 1690.8 1678.3 1660.1 1639.7 1645.7 1668.5 1671.5 1651.2 1630.3 1635.1 1623.3 1601.6 1588.7 1576.2 1569.7 1569 1564.3 1558.1 1555.8 1555.8 1561.9 1571.4 1568.7 1578.3 1575.9 1565.5 1585.8 1602.1 1595.8 1583.7 1576.4 1588.5 1573.8 1533.5 1508.3 1501.4 1503.1
1563 1560.5 1570.4 1587.4 1605.1 1610.2 1595.8 1579.1 1585.3 1601.2 1617.3 1631.1 1631.6 1620.7 1604 1586.8 1576.9 1577.9 1589.6 1608.3 1623.8 1639.7 1652.6 1656.9 1654 1642.1 1628.7 1621 1620.4 1633 1647.8 1664.4 1681.5 1689.9 1700.7 1706.8 1686.5 1663.3 1647.6 1661.3 1682.5 1680.5 1654.8 1644.1 1652.1 1634.8 1616.5 1601.9 1585.1 1585.6 1587.3 1581.1 1569.1 1560.1 1565.7 1576.9 1592.6 1583.8 1592 1593.2 1572.6 1581.5 1607.4 1607 1595.1 1592.3 1594.4 1573.3 1537.8 1515.9 1504.6 1501.1
1554.8 1555.5 1567 1581.8 1597.7 1604.7 1589.8 1573.5 1579.3 1598 1612.1 1623.2 1629 1620.1 1603.4 1587 1578.2 1575.9 1591.3 1612 1631.6 1643 1650.1 1643.6 1633.3 1622.5 1613.5 1609.9 1618.8 1639.3 1656.5 1669.7 1684 1696.6 1707.6 1712.3 1693.4 1669.2 1659.7 1677.2 1695.5 1688 1664.6 1660.4 1657.3 1638.9 1621.8 1601.6 1593.5 1610.2 1611 1597.5 1575.6 1568.2 1575.1 1585.2 1606.7 1598.6 1605.1 1608.3 1584.5 1581 1606 1615.4 1609.5 1607.9 1598.3 1574.8 1547.2 1531.1 1514.4 1500.9
1546.1 1551.8 1565.1 1580.3 1593.5 1594.5 1582.1 1568.3 1570.1 1586.6 1595.8 1609.9 1623.5 1615.5 1600.1 1585.4 1575 1573.5 1589.8 1609.1 1625.6 1636.7 1633.6 1624.9 1614.4 1604 1600.8 1603.5 1619.7 1638.3 1655 1664.9 1674.8 1689.9 1705.7 1715.3 1702.3 1677.3 1671.5 1692 1705.8 1695.2 1679.3 1668.3 1652.8 1635.4 1617.7 1600.9 1609.2 1630.8 1619.8 1596.5 1574.2 1578.7 1587.3 1586.3 1610.8 1614.9 1618.7 1620.2 1596.2 1584.4 1605.7 1621.5 1623.8 1621.4 1606.7 1583.7 1562.2 1546.2 1526.7 1508.5
1541.1 1548.6 1561.1 1575.8 1588 1581.3 1570.4 1560.6 1564.1 1577.9 1589.8 1604.2 1613 1605.7 1592 1577.2 1565.3 1565.4 1580.1 1598.1 1611.5 1613.9 1608.1 1603.1 1596.1 1590.9 1592.9 1601.3 1617.2 1629.2 1641.2 1649.7 1661.4 1679.8 1699.2 1715 1711.7 1690.2 1682.7 1704.4 1715.6 1697.1 1679.1 1662.7 1647.3 1631.9 1615.8 1605.6 1626.6 1635.5 1615.4 1587.9 1576.7 1592.5 1603.4 1588.3 1605 1623.7 1630.5 1628.2 1605.9 1590.2 1605.8 1626 1635.6 1631 1616.8 1595.2 1577.4 1560.3 1543.5 1523.9
1538.5 1544.8 1554.5 1565.2 1572.7 1565.5 1557.5 1553.6 1562.5 1575.6 1588.4 1596 1594.9 1593.5 1582 1570 1561.4 1562.1 1574.2 1583.9 1591.7 1591.6 1588.3 1586.1 1584.5 1586.2 1590.4 1599.2 1610.9 1619.3 1627.8 1638.2 1659.1 1680.3 1701.2 1721.5 1725.1 1705.7 1695.3 1714.5 1719.6 1697.2 1672.9 1653.4 1637.9 1624.5 1616.6 1620.7 1636.3 1631.3 1605.7 1582.1 1581.9 1604.3 1614.6 1596 1600.7 1622.3 1636.8 1636.5 1617.6 1601 1607.6 1629.7 1638.5 1627.1 1611.7 1589.2 1574.6 1559.2 1545.8 1531.6
1535.5 1540.2 1544.5 1550.6 1554.2 1552.3 1549.5 1549.6 1557.6 1566.8 1571.3 1577.5 1574 1573.3 1569.3 1561.4 1556 1559.8 1567.1 1574.3 1577.5 1575.7 1575 1576.1 1579.8 1587.9 1593.9 1599.3 1606.1 1613 1624.8 1638.5 1660.2 1681.8 1703.4 1726 1735.5 1719.9 1709.9 1724.7 1722.7 1698.6 1675.5 1655.9 1640.1 1628.1 1635.8 1644.9 1643.5 1623.1 1596 1581.9 1590.5 1612.2 1626.2 1608 1605 1627.5 1646.3 1649.8 1634.3 1615.9 1609.7 1631.4 1636.1 1617.3 1597.6 1576.6 1564.7 1554.2 1540.5 1528.2
1529.8 1535 1538 1541.8 1542 1543.2 1541.6 1541.9 1548 1553.7 1553.3 1554.8 1554.3 1554.4 1555 1553.9 1554 1556.3 1561.4 1563.8 1566.6 1568.2 1571.5 1575.8 1585.2 1593.6 1605 1608.9 1609 1610.4 1627.2 1645.1 1662.6 1683 1705.4 1726.7 1739 1736 1731.8 1736.1 1722.9 1698.3 1676.8 1657.3 1640 1639.7 1655.4 1660.8 1641.5 1615.1 1592 1593.9 1606.5 1623.5 1638.7 1622.5 1608.4 1630.8 1654.5 1663.1 1652 1630.3 1616.5 1632.6 1631.2 1609.8 1590.8 1579.4 1576.1 1568.3 1550.8 1534.8
1527.4 1532.8 1534.6 1538 1536.9 1536.7 1538 1538.4 1541.5 1544.4 1544.1 1544.7 1544.3 1543.3 1545.4 1549.6 1553 1555.5 1559 1562.4 1566.3 1568.6 1572.6 1582 1596 1602.1 1612.5 1622 1622.4 1616.8 1624.6 1644.6 1664.5 1683.7 1703.6 1719.2 1733.6 1743.2 1746.6 1739.3 1721.3 1699 1675.7 1657.2 1651.2 1659.7 1665.8 1658.7 1636.8 1610.1 1592.6 1608.2 1627.9 1640 1648.8 1631.7 1615.6 1634.9 1658 1672.8 1664.7 1641.5 1628.7 1637.3 1630.1 1608 1595.2 1590.6 1594 1582.9 1562.7 1542.1
1526.4 1529 1529.4 1532.6 1532 1531.5 1533 1535.4 1538.4 1540.5 1539.2 1538.4 1543.3 1544.8 1546 1549.9 1554.1 1558.1 1561.8 1568 1572.9 1574.2 1575.4 1587 1606 1613.7 1618.5 1626.6 1633.9 1631.2 1625.3 1637.6 1658.4 1675.6 1691.3 1706.2 1721.2 1734.8 1742.7 1738.9 1722.9 1699.6 1676.1 1663.8 1670.9 1675 1667.6 1651.5 1630.9 1606.8 1595.9 1616.5 1641.9 1658.3 1661.8 1641.9 1621.9 1638.1 1661.6 1676.6 1672 1653 1646.1 1649.1 1637.3 1616 1605 1595.6 1593.1 1576.9 1558.6 1537.5
1524.1 1525.4 1525.2 1528.7 1527.1 1527.2 1529.7 1532.5 1534.5 1536.5 1536.7 1538.5 1543.2 1546.4 1550.7 1554.3 1559.8 1566 1572.4 1576.5 1584 1585.5 1581.2 1587.3 1607.3 1618.4 1622.2 1626.8 1635.3 1640.6 1636 1635.7 1649.3 1664.9 1678 1693.8 1709.4 1724.5 1737.5 1740.9 1722.5 1700.3 1684.3 1680.8 1681.7 1673.2 1659.9 1644.1 1624.4 1602.6 1598 1619.5 1648.3 1670.2 1671.3 1653 1633.2 1641.9 1662.4 1675.4 1673.7 1664.6 1662.5 1659.9 1642.7 1618.6 1604.2 1589.5 1577.1 1562 1545.8 1529.1
